1.00000e+00 2.98791e-01 1.52143e-01 8.26521e-02 8.00122e-02 5.49063e-02 4.62127e-02 2.96500e-02 5.23140e-02 4.31888e-02 3.10536e-02 4.01137e-02 2.51657e-02 3.10515e-02 3.56874e-02 2.23458e-02 3.17170e-02 3.94105e-02 2.83709e-02 3.78333e-02 3.19521e-02 2.59573e-02 2.69921e-02 2.11225e-02 2.10926e-02 1.94804e-02 1.71383e-02 2.39174e-02 1.63538e-02 1.75361e-02 2.21889e-02 1.24941e-02 1.44289e-02 1.80708e-02 2.62293e-02 2.27261e-02 2.10843e-02 1.64615e-02 1.86274e-02 1.67757e-02 1.75114e-02 6.64640e-03 8.57175e-03 7.14478e-03 1.26961e-02 2.20346e-02 1.72754e-02 1.27762e-02 1.32662e-02 1.06649e-02 1.25054e-02 1.97797e-02 1.07347e-02 2.10063e-02 2.26880e-02 1.66213e-02 1.13439e-02 1.58587e-02 1.57870e-02 1.76949e-02 1.87773e-02 2.72481e-02 1.23980e-02 1.21691e-02 1.20882e-02 1.18024e-02 1.58135e-02 1.46121e-02 1.46056e-02 1.20025e-02 1.73536e-02 1.71418e-02 4.55422e-03 1.27910e-02 3.24828e-03 1.18908e-02 1.27673e-02 1.42172e-02 1.28742e-02 1.23245e-02 1.45909e-02 1.12881e-02 1.01790e-02 1.72130e-02 1.62632e-02 1.24773e-02 1.79759e-02 8.57909e-03 1.69101e-02 1.13782e-02 7.67411e-03 2.55355e-02 1.54712e-02 2.14146e-02 1.75313e-02 1.70374e-02 1.72584e-02 2.17237e-02 2.79135e-02 2.43085e-02 2.44271e-02 3.10587e-02 1.77913e-02 2.66806e-02 
2.98791e-01 1.00000e+00 2.18557e-01 1.20015e-01 8.25172e-02 6.19673e-02 6.14278e-02 5.00229e-02 5.98799e-02 5.04073e-02 3.09583e-02 2.52572e-02 2.92699e-02 2.92364e-02 4.06604e-02 2.83528e-02 3.68896e-02 4.47088e-02 3.45691e-02 2.66239e-02 2.91995e-02 3.68258e-02 3.55203e-02 2.40660e-02 3.36446e-02 2.54895e-02 2.51261e-02 2.07673e-02 1.86327e-02 2.37260e-02 3.04161e-02 2.03821e-02 1.55833e-02 2.21727e-02 2.51029e-02 1.47759e-02 2.10195e-02 2.64400e-02 2.12231e-02 2.81671e-02 1.84846e-02 2.74506e-02 1.49545e-02 1.56703e-02 1.55781e-02 1.99700e-02 2.15280e-02 2.36544e-02 1.05804e-02 1.59482e-02 1.66228e-02 1.39193e-02 1.66472e-02 1.72462e-02 1.50789e-02 1.28880e-02 1.65287e-02 1.67982e-02 2.30831e-02 2.27858e-02 2.05025e-02 1.56718e-02 1.01127e-02 1.39982e-02 1.53377e-02 1.90068e-02 1.78670e-02 1.29487e-02 1.45608e-02 1.79485e-02 1.44170e-02 1.07932e-02 1.81610e-02 1.80650e-02 9.71494e-03 1.18543e-02 1.37072e-02 1.30832e-02 1.16679e-02 1.38225e-02 1.93949e-02 6.13825e-03 1.38378e-02 1.50152e-02 1.53600e-02 1.14821e-02 1.55313e-02 1.02633e-02 1.59217e-02 9.92536e-03 1.24322e-02 2.30326e-02 2.05650e-02 1.70791e-02 2.41356e-02 1.92006e-02 2.68835e-02 2.91249e-02 3.74606e-02 3.14144e-02 3.34841e-02 3.20692e-02 2.12840e-02 2.02150e-02 
1.52143e-01 2.18557e-01 1.00000e+00 3.16525e-01 1.86979e-01 1.10097e-01 7.88036e-02 6.71837e-02 9.40040e-02 4.98901e-02 4.78293e-02 3.90213e-02 3.23005e-02 1.79347e-02 2.15939e-02 3.75462e-02 3.78595e-02 3.29667e-02 3.15592e-02 4.24181e-02 2.46066e-02 3.69044e-02 3.86635e-02 3.36952e-02 3.80099e-02 2.67223e-02 2.09621e-02 2.13898e-02 2.96863e-02 2.45979e-02 2.72337e-02 3.01774e-02 2.22236e-02 2.89034e-02 1.93914e-02 2.85351e-02 2.82014e-02 3.48622e-02 2.35669e-02 2.34583e-02 2.97479e-02 2.96139e-02 1.98035e-02 1.81574e-02 1.69224e-02 3.00815e-02 2.36977e-02 2.42462e-02 2.04328e-02 2.95672e-02 1.60509e-02 1.20964e-02 2.34228e-02 1.71287e-02 2.62083e-02 2.34670e-02 1.61280e-02 2.06093e-02 2.30996e-02 3.23642e-02 2.58224e-02 1.81592e-02 1.69256e-02 1.62200e-02 1.52332e-02 2.30723e-02 1.58316e-02 1.50039e-02 1.22704e-02 2.07972e-02 2.33873e-02 1.98015e-02 1.44674e-02 1.47757e-02 1.87615e-02         NaN 6.80688e-03 1.01065e-02 1.35198e-02 1.06776e-02 1.87277e-02 1.89667e-02 1.28273e-02 1.36701e-02 1.77979e-02 1.33045e-02 1.10747e-02 9.91023e-03 1.95340e-02 2.46443e-02 1.66216e-02 2.10697e-02 1.90632e-02 1.73161e-02 2.70020e-02 2.39594e-02 1.99363e-02 3.80742e-02 4.21661e-02 4.36805e-02 3.76229e-02 3.20337e-02 2.26070e-02 3.08204e-02 
8.26521e-02 1.20015e-01 3.16525e-01 1.00000e+00 3.05138e-01 1.92053e-01 1.19147e-01 1.07681e-01 9.23161e-02 7.48276e-02 5.28062e-02 4.48091e-02 4.23902e-02 3.88547e-02 3.09154e-02 3.69559e-02 5.31202e-02 4.00270e-02 2.54875e-02 3.85581e-02 4.26728e-02 3.11350e-02 4.67657e-02 4.87950e-02 3.36208e-02 3.05870e-02 2.53267e-02 2.87396e-02 3.03579e-02 3.14676e-02 2.40274e-02 3.05024e-02 4.27068e-02 2.89005e-02 2.27221e-02 3.08149e-02 3.74913e-02 3.80277e-02 2.76628e-02 3.44191e-02 2.76627e-02 3.20785e-02 3.24869e-02 2.84713e-02 3.04573e-02 2.42941e-02 2.80602e-02 2.05545e-02 3.37108e-02 2.58687e-02 2.52777e-02 1.51190e-02 1.96319e-02 2.14087e-02 2.45678e-02 1.91983e-02 2.72134e-02 3.17696e-02 2.09699e-02 3.25738e-02 2.09140e-02 3.44990e-02 1.65985e-02 2.43276e-02 2.66555e-02 2.20214e-02 2.19184e-02 1.68777e-02 1.95540e-02 2.30232e-02 2.12970e-02 1.64128e-02 1.57810e-02 1.84678e-02 1.68836e-02 7.72558e-03 1.70155e-02 1.04213e-02 1.21666e-02 1.20111e-02 8.42661e-03 1.86684e-02 1.28260e-02 8.38765e-03 1.48301e-02 2.07863e-02 1.76485e-02 2.52686e-02 2.52288e-02 1.47851e-02 2.24369e-02 2.21210e-02 2.14439e-02 3.71022e-02 2.67582e-02 2.82351e-02 2.80326e-02 3.24464e-02 5.30123e-02 4.44560e-02 3.79131e-02 2.21011e-02 3.39071e-02 2.03394e-02 
8.00122e-02 8.25172e-02 1.86979e-01 3.05138e-01 1.00000e+00 3.91370e-01 1.63928e-01 1.26413e-01 1.03095e-01 7.94032e-02 6.62970e-02 4.77432e-02 4.58743e-02 3.67158e-02 4.06903e-02 4.50376e-02 4.96911e-02 3.37446e-02 4.10009e-02 3.15774e-02 3.89614e-02 4.16117e-02 5.64912e-02 4.19234e-02 3.81585e-02 3.99495e-02 2.68209e-02 2.05260e-02 3.41850e-02 2.66593e-02 2.45967e-02 2.82034e-02 2.77241e-02 2.83526e-02 2.60518e-02 3.41738e-02 3.54274e-02 2.91966e-02 3.14647e-02 3.36687e-02 3.10587e-02 4.29428e-02 2.75556e-02 3.04132e-02 3.55095e-02 3.28637e-02 3.92577e-02 2.91345e-02 2.27450e-02 2.55359e-02 1.60189e-02 2.06363e-02 2.32703e-02 1.75328e-02 2.59883e-02 2.78421e-02 2.70844e-02 2.37326e-02 1.86668e-02 2.87688e-02 2.22026e-02 1.67289e-02 2.59874e-02 2.32438e-02 2.14399e-02 1.69074e-02 1.68284e-02 1.58378e-02 2.70823e-02 1.52056e-02 2.30841e-02 1.36014e-02 2.32228e-02 1.60696e-02 8.64185e-03 7.90865e-03 7.83842e-03 1.93968e-02 1.24549e-02 1.36619e-02 1.15017e-02 2.18409e-02 2.05156e-02 2.09890e-02 1.44225e-02 1.44696e-02 2.33805e-02 2.13025e-02 2.08280e-02 1.63968e-02 2.12672e-02 2.15668e-02 2.19521e-02 3.51328e-02 3.55359e-02 4.00716e-02 2.86969e-02 3.52081e-02 4.85561e-02 4.79047e-02 3.15907e-02 3.44290e-02 3.31328e-02 2.93392e-02 
5.49063e-02 6.19673e-02 1.10097e-01 1.92053e-01 3.91370e-01 1.00000e+00 2.80281e-01 1.61763e-01 1.43228e-01 5.99796e-02 5.28503e-02 3.58533e-02 3.49154e-02 3.44652e-02 3.90449e-02 2.43515e-02 3.06274e-02 4.07264e-02 3.14899e-02 3.55702e-02 2.26088e-02 3.69002e-02 7.44196e-02 3.81814e-02 3.53981e-02 3.28384e-02 2.51768e-02 2.54336e-02 1.98372e-02 2.37739e-02 3.18629e-02 1.92886e-02 3.24308e-02 2.91605e-02 2.82978e-02 4.54042e-02 2.66046e-02 4.38511e-02 3.27850e-02 4.49819e-02 3.49859e-02 4.07848e-02 4.28135e-02 3.99685e-02 4.97554e-02 5.20268e-02 4.20644e-02 3.91997e-02 4.24071e-02 3.08955e-02 2.49845e-02 2.09211e-02 1.78723e-02 1.97498e-02 2.73857e-02 1.84486e-02 1.13319e-02 2.57433e-02 3.57460e-02 3.53525e-02 3.30489e-02 2.82662e-02 1.91403e-02 2.80530e-02 2.41508e-02 1.45106e-02 1.57968e-02 1.78404e-02 2.52012e-02 2.91181e-02 2.16691e-02 1.53212e-02 2.95712e-02 1.06479e-02 6.48970e-03 2.37564e-02 9.81060e-03 1.85720e-02 1.40297e-02 7.69465e-03 1.61950e-02 1.43515e-02 1.20170e-02 1.18215e-02 1.79562e-02 1.43816e-02 2.03512e-02 3.94221e-02 3.37846e-02 1.98908e-02 2.01233e-02 2.67232e-02 2.16368e-02 3.63663e-02 4.92026e-02 3.62587e-02 3.66354e-02 4.19049e-02 5.36232e-02 5.03645e-02 2.84681e-02 1.99452e-02 1.95497e-02 1.49253e-02 
4.62127e-02 6.14278e-02 7.88036e-02 1.19147e-01 1.63928e-01 2.80281e-01 1.00000e+00 3.85965e-01 2.41545e-01 8.04686e-02 5.00310e-02 5.03997e-02 3.26336e-02 4.75871e-02 2.70454e-02 4.09509e-02 2.46774e-02 3.46044e-02 3.45603e-02 2.24313e-02 3.95506e-02 5.19025e-02 6.18582e-02 3.84181e-02 2.05885e-02 2.97106e-02 1.60442e-02 2.29201e-02 2.97446e-02 2.52502e-02 2.20706e-02 1.80763e-02 2.80661e-02 2.35972e-02 1.66972e-02 2.30636e-02 3.76757e-02 3.49307e-02 4.61142e-02 5.15224e-02 2.29508e-02 3.32437e-02 4.20618e-02 3.63862e-02 4.45557e-02 5.73830e-02 4.12400e-02 2.90469e-02 4.69172e-02 2.71565e-02 3.09587e-02 2.22203e-02 2.78405e-02 2.35982e-02 4.21251e-02 1.95942e-02 2.96262e-02 2.94451e-02 3.90824e-02 5.00639e-02 3.51012e-02 2.66858e-02 2.63080e-02 1.88702e-02 1.63231e-02 2.79338e-02 1.90149e-02 1.72257e-02 2.39487e-02 1.54632e-02 1.84118e-02 1.53154e-02 2.41597e-02 1.69638e-02 1.37854e-02 1.57698e-02 8.33587e-03 1.27635e-02 9.93399e-03 8.17249e-03 2.23610e-02 1.41540e-02 1.37450e-02 1.94041e-02 1.45305e-02 2.13846e-02 1.52576e-02 3.45885e-02 2.59152e-02 4.07430e-02 2.13729e-02 2.32222e-02 3.39235e-02 2.49924e-02 5.49152e-02 4.63697e-02 3.43328e-02 5.08653e-02 5.23969e-02 4.87160e-02 3.45554e-02 2.00069e-02 3.02018e-02 1.35876e-02 
2.96500e-02 5.00229e-02 6.71837e-02 1.07681e-01 1.26413e-01 1.61763e-01 3.85965e-01 1.00000e+00 3.54743e-01 1.16992e-01 6.19712e-02 5.22357e-02 5.68832e-02 4.55267e-02 3.17680e-02 2.90397e-02 4.06897e-02 2.98875e-02 4.62184e-02 4.40497e-02 3.80634e-02 4.06194e-02 7.47969e-02 4.53478e-02 3.24716e-02 4.01647e-02 3.21487e-02 2.46034e-02 2.82591e-02 2.20380e-02 2.89744e-02 2.87267e-02 2.77663e-02 2.59853e-02 2.88425e-02 2.49903e-02 3.66076e-02 3.72088e-02 2.73109e-02 4.27194e-02 3.51140e-02 2.61020e-02 4.00594e-02 3.14264e-02 4.94006e-02 4.29530e-02 3.56186e-02 3.21121e-02 2.91758e-02 4.45642e-02 1.83351e-02 1.66326e-02 2.36084e-02 2.17403e-02 1.55927e-02 2.74158e-02 2.20695e-02 2.72480e-02 2.66183e-02 3.40512e-02 3.24469e-02 2.18958e-02 1.73513e-02 2.36750e-02 8.45886e-03 1.99665e-02 1.15927e-02 2.14239e-02 1.89808e-02 2.54538e-02 1.74923e-02 2.67862e-02 2.00318e-02 1.99260e-02 1.42876e-02 1.30754e-02 1.72791e-02 2.16465e-02 1.67308e-02 2.37166e-02 1.78273e-02 1.35411e-02 1.72984e-02 2.24769e-02 1.97660e-02 2.42744e-02 2.37202e-02 3.20749e-02 2.78923e-02 3.12794e-02 3.26998e-02 2.80795e-02 3.06226e-02 3.29673e-02 4.03918e-02 3.74696e-02 2.49084e-02 5.10708e-02 5.78473e-02 5.44507e-02 4.14102e-02 2.80542e-02 2.15201e-02 1.87768e-02 
5.23140e-02 5.98799e-02 9.40040e-02 9.23161e-02 1.03095e-01 1.43228e-01 2.41545e-01 3.54743e-01 1.00000e+00 1.91885e-01 1.07440e-01 9.17088e-02 7.18320e-02 5.47908e-02 4.12750e-02 3.98512e-02 4.93810e-02 5.33190e-02 4.12266e-02 3.11842e-02 3.97976e-02 6.34182e-02 7.26187e-02 3.57050e-02 4.65008e-02 4.09448e-02 3.39032e-02 2.52255e-02 2.72803e-02 2.22320e-02 2.07279e-02 3.92583e-02 2.80809e-02 4.67472e-02 2.94027e-02 2.95370e-02 3.83553e-02 5.12588e-02 7.04320e-02 4.78380e-02 3.84903e-02 5.32180e-02 5.00459e-02 5.47295e-02 3.46682e-02 4.86525e-02 3.53017e-02 5.37071e-02 4.21352e-02 2.68992e-02 3.37481e-02 2.49987e-02 3.34263e-02 2.65489e-02 3.88559e-02 2.76032e-02 2.52697e-02 3.61104e-02 3.73602e-02 4.82120e-02 4.09288e-02 2.83909e-02 4.00093e-02 2.97313e-02 1.23188e-02 2.96833e-02 2.06812e-02 2.73000e-02 2.60474e-02 2.24244e-02 2.56673e-02 2.69694e-02 1.91446e-02 1.99147e-02 2.12408e-02 1.94387e-02 1.28440e-02 2.65620e-02 1.63997e-02 2.01477e-02 1.66591e-02 1.62966e-02 2.42041e-02 1.50747e-02 2.47876e-02 1.97250e-02 2.23897e-02 2.72483e-02 3.42262e-02 2.52439e-02 1.97142e-02 2.04464e-02 2.31240e-02 2.70061e-02 4.99107e-02 3.52910e-02 3.72822e-02 5.38822e-02 5.21511e-02 7.40111e-02 4.56373e-02 1.86516e-02 2.49297e-02 1.69482e-02 
4.31888e-02 5.04073e-02 4.98901e-02 7.48276e-02 7.94032e-02 5.99796e-02 8.04686e-02 1.16992e-01 1.91885e-01 1.00000e+00 3.20097e-01 1.80136e-01 1.36329e-01 9.81251e-02 8.80335e-02 7.84096e-02 8.59099e-02 7.73008e-02 6.83080e-02 8.13785e-02 8.38421e-02 8.01116e-02 6.68974e-02 4.69967e-02 3.94212e-02 3.33906e-02 3.27681e-02 3.21306e-02 4.50875e-02 4.70749e-02 2.25381e-02 2.99963e-02 3.05334e-02 4.65940e-02 2.87735e-02 4.01457e-02 3.60692e-02 4.73752e-02 3.06333e-02 3.13890e-02 3.34815e-02 3.85772e-02 3.04733e-02 2.03203e-02 2.87679e-02 3.76415e-02 3.39980e-02 3.15162e-02 2.78484e-02 4.11644e-02 2.96386e-02 2.95456e-02 2.42304e-02 2.38471e-02 3.84085e-02 2.81381e-02 2.12722e-02 2.31558e-02 3.42089e-02 2.84580e-02 3.17881e-02 2.87414e-02 2.51862e-02 2.66230e-02 2.34407e-02 3.31979e-02 3.31957e-02 1.97895e-02 2.83223e-02 2.78661e-02 2.64401e-02 1.92444e-02 1.96601e-02 2.70674e-02 1.31976e-02 1.20779e-02 1.59609e-02 2.44385e-02 2.25872e-02 2.19073e-02 2.63477e-02 2.50162e-02 1.12791e-02 2.07622e-02 1.73887e-02 2.43724e-02 3.28659e-02 2.78852e-02 1.71763e-02 2.74485e-02 2.04616e-02 2.47023e-02 2.40959e-02 1.74013e-02 3.64624e-02 3.31063e-02 3.28689e-02 4.56530e-02 5.56153e-02 6.49286e-02 4.75554e-02 4.05611e-02 3.61426e-02 2.81845e-02 
3.10536e-02 3.09583e-02 4.78293e-02 5.28062e-02 6.62970e-02 5.28503e-02 5.00310e-02 6.19712e-02 1.07440e-01 3.20097e-01 1.00000e+00 3.71118e-01 2.03119e-01 1.33922e-01 1.30043e-01 6.53348e-02 7.97302e-02 9.79649e-02 7.57471e-02 7.89802e-02 8.26836e-02 7.63973e-02 5.62779e-02 4.23891e-02 3.64920e-02 2.83557e-02 3.91319e-02 3.16590e-02 3.75692e-02 3.19504e-02 2.76842e-02 3.40109e-02 2.26696e-02 3.85405e-02 3.49069e-02 4.05455e-02 2.21524e-02 3.14415e-02 2.75444e-02 2.83967e-02 2.28479e-02 3.26433e-02 1.54478e-02 2.37713e-02 2.05791e-02 2.44371e-02 3.59231e-02 2.02416e-02 2.25594e-02 2.01071e-02 3.08198e-02 2.32266e-02 2.64558e-02 3.15189e-02 2.72585e-02 2.15057e-02 1.74195e-02 2.19848e-02 1.86754e-02 2.20772e-02 2.67745e-02 2.78944e-02 3.49993e-02 2.49156e-02 3.65622e-02 3.02058e-02 3.03986e-02 1.98064e-02 2.06157e-02 1.61635e-02 2.08495e-02 2.10119e-02 2.77792e-02 1.89142e-02 1.80122e-02 6.59360e-03 2.06943e-02 1.57672e-02 1.16819e-02 1.19597e-02 2.69696e-02 1.70711e-02 1.84726e-02 2.14760e-02 1.89857e-02 1.59665e-02 1.99358e-02 2.47376e-02 2.29214e-02 2.05055e-02 1.80855e-02 2.29254e-02 2.05896e-02 2.84993e-02 2.96270e-02 2.46456e-02 2.63177e-02 3.32306e-02 3.57195e-02 3.59452e-02 4.06355e-02 3.19846e-02 1.18386e-02 2.95895e-02 
4.01137e-02 2.52572e-02 3.90213e-02 4.48091e-02 4.77432e-02 3.58533e-02 5.03997e-02 5.22357e-02 9.17088e-02 1.80136e-01 3.71118e-01 1.00000e+00 2.36237e-01 1.58036e-01 1.36655e-01 9.92541e-02 9.03970e-02 7.19318e-02 7.80793e-02 6.90921e-02 6.09824e-02 6.19897e-02 4.50593e-02 3.78820e-02 3.34933e-02 3.34615e-02 3.79687e-02 3.37695e-02 2.14026e-02 3.69749e-02 2.68209e-02 2.54354e-02 2.81504e-02 2.82988e-02 4.05821e-02 4.22426e-02 2.14616e-02 2.60651e-02 2.25723e-02 3.05569e-02 1.88734e-02 2.70614e-02 1.85410e-02 2.47270e-02 1.78939e-02 2.14095e-02 1.75846e-02 2.04362e-02 1.98053e-02 2.17115e-02 2.82872e-02 2.36867e-02 2.54959e-02 2.89289e-02 3.36788e-02 2.63180e-02 2.13174e-02 2.92584e-02 1.71408e-02 2.55165e-02 2.91251e-02 2.88025e-02 2.75343e-02 2.95381e-02 2.46091e-02 2.03307e-02 2.57545e-02 1.48736e-02 2.02732e-02 2.00713e-02 3.09123e-02 1.65302e-02 1.15893e-02 1.95300e-02 1.98385e-02 9.07767e-03 1.89938e-02 1.55848e-02 1.66786e-02 2.97945e-02 2.14530e-02 1.67129e-02 1.97804e-02 2.40915e-02 1.91682e-02 3.22399e-02 1.34183e-02 1.92118e-02 1.33877e-02 1.88205e-02 1.95286e-02 2.10416e-02 2.41471e-02 2.17978e-02 1.95446e-02 2.41284e-02 2.52530e-02 3.05000e-02 2.62275e-02 3.84901e-02 3.93684e-02 3.27436e-02 4.52742e-02 2.93307e-02 
2.51657e-02 2.92699e-02 3.23005e-02 4.23902e-02 4.58743e-02 3.49154e-02 3.26336e-02 5.68832e-02 7.18320e-02 1.36329e-01 2.03119e-01 2.36237e-01 1.00000e+00 4.62800e-01 1.97027e-01 1.56102e-01 1.24000e-01 9.52683e-02 8.92444e-02 7.35059e-02 6.82029e-02 6.32579e-02 3.34777e-02 3.93238e-02 5.11839e-02 3.44689e-02 4.21320e-02 3.32838e-02 3.46453e-02 2.53296e-02 2.80439e-02 3.21560e-02 2.26940e-02 2.06138e-02 2.54595e-02 2.13132e-02 2.24402e-02 2.46581e-02 1.67414e-02 1.66642e-02 1.38869e-02 2.81606e-02 1.87782e-02 1.73377e-02 1.05329e-02 2.43045e-02 2.32895e-02 1.84542e-02 2.26538e-02 2.73175e-02 1.68589e-02 1.88227e-02 2.57276e-02 1.16608e-02 2.03909e-02 2.61422e-02 9.41109e-03 1.73709e-02 1.98640e-02 2.28611e-02 2.04924e-02 1.41284e-02 2.43114e-02 1.76675e-02 2.07409e-02 2.69265e-02 1.42124e-02 1.53214e-02 1.43201e-02 1.15578e-02 1.75462e-02 1.70279e-02 1.53492e-02 1.29330e-02 4.37910e-03 3.20605e-02 7.94395e-03 1.76922e-02 1.10448e-02 6.23060e-03 1.31136e-02 1.10675e-02 1.24751e-02 1.88544e-02 1.15394e-02 1.94088e-02 2.42338e-02 4.62628e-03 2.27970e-02 1.91741e-02 1.93982e-02 2.29501e-02 1.94667e-02 2.02087e-02 1.68817e-02 2.69631e-02 1.59958e-02 2.42369e-02 3.32890e-02 3.64123e-02 2.88144e-02 2.99079e-02 3.59773e-02 3.30913e-02 
3.10515e-02 2.92364e-02 1.79347e-02 3.88547e-02 3.67158e-02 3.44652e-02 4.75871e-02 4.55267e-02 5.47908e-02 9.81251e-02 1.33922e-01 1.58036e-01 4.62800e-01 1.00000e+00 4.94695e-01 1.65578e-01 1.31897e-01 1.19810e-01 8.56465e-02 7.77407e-02 8.19397e-02 5.81244e-02 5.20834e-02 3.17896e-02 3.08757e-02 4.65811e-02 3.52163e-02 3.33680e-02 4.08051e-02 2.70865e-02 2.99891e-02 3.58979e-02 2.80017e-02 3.23718e-02 2.96688e-02 3.12288e-02 2.21508e-02 3.65102e-02 2.50834e-02 2.64365e-02 3.94099e-02 1.89528e-02 2.49524e-02 1.42618e-02 1.94946e-02 1.83265e-02 3.05325e-02 2.42883e-02 1.76539e-02 1.06442e-02 1.15566e-02 2.90313e-02 1.78564e-02 2.26099e-02 1.88700e-02 2.61123e-02 2.17728e-02 3.46236e-02 1.40056e-02 1.83964e-02 2.37979e-02 2.61492e-02 3.37470e-02 1.86854e-02 2.74198e-02 2.86935e-02 1.92901e-02 2.16055e-02 1.32520e-02 2.13914e-02 1.92443e-02 2.25112e-02 2.27269e-02 1.77308e-02 1.62099e-02 1.97794e-02 2.12374e-02 1.81917e-02 9.73423e-03 1.79383e-02 1.61807e-02 1.53630e-02 9.23565e-03 1.78954e-02 5.69532e-03 1.43689e-02 1.59475e-02 2.85414e-02 1.87526e-02 2.36585e-02 1.27653e-02 1.82042e-02 2.40196e-02 1.60297e-02 1.38867e-02 2.58761e-02 3.22967e-02 1.86909e-02 4.10746e-02 2.54594e-02 3.72466e-02 3.50576e-02 3.55134e-02 2.13030e-02 
3.56874e-02 4.06604e-02 2.15939e-02 3.09154e-02 4.06903e-02 3.90449e-02 2.70454e-02 3.17680e-02 4.12750e-02 8.80335e-02 1.30043e-01 1.36655e-01 1.97027e-01 4.94695e-01 1.00000e+00 2.52992e-01 1.80175e-01 1.26934e-01 1.15365e-01 7.29365e-02 6.98117e-02 9.16145e-02 5.30773e-02 3.29645e-02 2.76509e-02 3.39169e-02 2.31280e-02 3.16069e-02 3.06267e-02 3.28409e-02 1.81801e-02 3.90860e-02 2.75848e-02 2.96120e-02 3.26656e-02 1.94298e-02 3.09132e-02 2.09805e-02 2.03493e-02 1.88088e-02 1.51917e-02 1.71148e-02 1.58020e-02 2.57574e-02 1.12025e-02 1.47712e-02 1.94622e-02 1.94404e-02 1.73911e-02 1.04857e-02 2.73230e-02 1.33462e-02 1.17271e-02 2.83478e-02 1.54908e-02 2.42104e-02 2.43085e-02 1.13694e-02 1.55217e-02 2.17471e-02 1.75827e-02 2.23252e-02 1.10815e-02 1.53393e-02 2.34100e-02 2.52909e-02 2.41855e-02 1.06419e-02 1.30547e-02 1.40486e-02 2.13275e-02 2.51328e-02 1.86571e-02 1.04801e-02 1.59685e-02 2.92274e-02 1.60933e-02 1.97130e-02 1.15072e-02 2.77690e-02 2.12530e-02 1.00895e-02 1.36472e-02 1.23403e-02 1.26237e-02 2.04460e-02 2.35652e-02 3.09281e-02 2.61706e-02 2.09757e-02 2.20068e-02 1.59406e-02 2.02817e-02 2.63185e-02 3.00959e-02 1.82078e-02 2.12106e-02 2.70052e-02 2.46297e-02 2.65557e-02 3.50243e-02 2.90827e-02 2.91539e-02 2.62323e-02 
2.23458e-02 2.83528e-02 3.75462e-02 3.69559e-02 4.50376e-02 2.43515e-02 4.09509e-02 2.90397e-02 3.98512e-02 7.84096e-02 6.53348e-02 9.92541e-02 1.56102e-01 1.65578e-01 2.52992e-01 1.00000e+00 4.41112e-01 1.99652e-01 1.21439e-01 1.00265e-01 1.09531e-01 9.19140e-02 4.44134e-02 3.15243e-02 3.47062e-02 4.29287e-02 4.14703e-02 2.72034e-02 3.43226e-02 4.17112e-02 4.07479e-02 2.44738e-02 2.82639e-02 2.99519e-02 2.67170e-02 3.48392e-02 2.17372e-02 1.79141e-02 2.43253e-02 2.42132e-02 1.81599e-02 2.23187e-02 1.04942e-02 1.39955e-02 1.72175e-02 1.17715e-02 2.11499e-02 1.60884e-02 1.55918e-02 1.88017e-02 1.63307e-02 1.13956e-02 1.63548e-02 1.45228e-02 1.85175e-02 2.35143e-02 2.05115e-02 1.74739e-02 1.23696e-02 3.17730e-02 2.27696e-02 2.46344e-02 3.09090e-02 2.75046e-02 1.72209e-02 1.95621e-02 2.68460e-02 2.86227e-02 1.04036e-02 1.17554e-02 2.54946e-02 1.76726e-02 2.00722e-02 1.04398e-02 1.90886e-02 1.16460e-02 1.15426e-02 1.92801e-02 9.17033e-03 1.50885e-02 9.52708e-03 1.40710e-02 1.81263e-02 2.31808e-02 8.38343e-03 1.69206e-02 1.87796e-02 1.34440e-02 1.28816e-02 8.35800e-03 1.69114e-02 1.42914e-02 2.02037e-02 1.88764e-02 1.63528e-02 1.45102e-02 2.11290e-02 2.93470e-02 2.31330e-02 2.11629e-02 3.98738e-02 3.04194e-02 2.78801e-02 2.71767e-02 
3.17170e-02 3.68896e-02 3.78595e-02 5.31202e-02 4.96911e-02 3.06274e-02 2.46774e-02 4.06897e-02 4.93810e-02 8.59099e-02 7.97302e-02 9.03970e-02 1.24000e-01 1.31897e-01 1.80175e-01 4.41112e-01 1.00000e+00 4.37791e-01 1.94960e-01 1.33857e-01 1.14007e-01 8.54930e-02 6.05376e-02 5.02445e-02 4.04253e-02 2.85477e-02 4.31653e-02 3.14614e-02 3.81071e-02 4.59699e-02 3.11031e-02 3.47375e-02 3.18707e-02 3.11761e-02 2.35307e-02 3.22339e-02 2.48882e-02 2.14433e-02 3.07452e-02 1.98023e-02 1.78520e-02 1.93591e-02 2.18462e-02 1.60242e-02 1.59299e-02 1.42947e-02 1.54100e-02 1.11640e-02 1.89339e-02 2.50063e-02 1.84147e-02 2.01644e-02 2.06710e-02 2.26746e-02 2.60204e-02 2.16513e-02 1.51228e-02 2.12194e-02 1.71669e-02 1.95424e-02 2.46118e-02 2.13677e-02 1.37881e-02 2.38574e-02 2.91278e-02 2.68404e-02 1.71958e-02 1.65515e-02 2.03041e-02 2.44719e-02 7.37130e-03 1.83949e-02 1.39284e-02 1.95597e-02 1.65573e-02 3.03050e-03 2.00240e-02 1.44937e-02 2.14766e-02 2.04168e-02 6.61099e-03 1.15076e-02 1.60371e-02 1.64511e-02 1.22165e-02 1.76122e-02 2.07689e-02 1.57427e-02 1.53236e-02 2.46489e-02 2.44480e-02 1.98340e-02 1.47206e-02 1.96480e-02 2.46807e-02 1.88791e-02 2.41919e-02 2.36735e-02 2.29840e-02 3.21239e-02 1.97142e-02 3.61860e-02 2.72059e-02 2.06716e-02 
3.94105e-02 4.47088e-02 3.29667e-02 4.00270e-02 3.37446e-02 4.07264e-02 3.46044e-02 2.98875e-02 5.33190e-02 7.73008e-02 9.79649e-02 7.19318e-02 9.52683e-02 1.19810e-01 1.26934e-01 1.99652e-01 4.37791e-01 1.00000e+00 3.26337e-01 2.31847e-01 1.34335e-01 1.43909e-01 9.19643e-02 4.61321e-02 3.98016e-02 4.94593e-02 3.83112e-02 3.74078e-02 2.90839e-02 3.44694e-02 2.72594e-02 2.97680e-02 3.62401e-02 3.46096e-02 2.61222e-02 2.97806e-02 2.76291e-02 1.79762e-02 2.67343e-02 3.12391e-02 2.56469e-02 1.86633e-02 2.80814e-02 2.24703e-02 2.55957e-02 2.36246e-02 3.67867e-02 1.31545e-02 2.78148e-02 2.93484e-02 1.82081e-02 1.98209e-02 2.81338e-02 2.26693e-02 2.22980e-02 2.17807e-02 3.31609e-02 2.07815e-02 1.79291e-02 2.41539e-02 2.92929e-02 2.47197e-02 1.92004e-02 1.84000e-02 1.72806e-02 1.90351e-02 1.38149e-02 1.91479e-02 2.26193e-02 2.69627e-02 2.08454e-02 2.12806e-02 1.93957e-02 1.67616e-02 2.12830e-02 1.16864e-02 2.05913e-02 2.29297e-02 1.53368e-02 1.81689e-02 2.33691e-02 1.34474e-02 2.30396e-02 9.86834e-03 1.90683e-02 1.38349e-02 1.88447e-02 3.14780e-02 1.60039e-02 1.11826e-02 1.63414e-02 2.07146e-02 1.62189e-02 3.36743e-02 2.84431e-02 2.62088e-02 1.97887e-02 3.04303e-02 1.54754e-02 3.06745e-02 2.93421e-02 2.32570e-02 1.39884e-02 2.51731e-02 
2.83709e-02 3.45691e-02 3.15592e-02 2.54875e-02 4.10009e-02 3.14899e-02 3.45603e-02 4.62184e-02 4.12266e-02 6.83080e-02 7.57471e-02 7.80793e-02 8.92444e-02 8.56465e-02 1.15365e-01 1.21439e-01 1.94960e-01 3.26337e-01 1.00000e+00 3.22452e-01 1.82107e-01 1.55780e-01 8.42348e-02 5.29949e-02 5.81303e-02 4.31767e-02 4.08586e-02 4.61220e-02 2.84057e-02 3.55359e-02 3.23182e-02 5.06370e-02 4.38590e-02 3.38025e-02 2.87022e-02 3.90450e-02 2.58605e-02 2.87253e-02 3.50510e-02 2.59435e-02 2.50489e-02 1.73167e-02 3.47403e-02 2.17177e-02 1.08849e-02 1.52222e-02 2.18798e-02 2.77395e-02 2.77793e-02 2.48535e-02 2.39337e-02 1.29678e-02 2.17533e-02 2.00320e-02 2.49036e-02 1.30986e-02 2.82926e-02 1.70727e-02 2.77258e-02 2.68933e-02 2.44614e-02 2.12372e-02 2.74078e-02 2.46601e-02 2.56094e-02 2.48367e-02 1.70908e-02 2.63205e-02 2.28707e-02 2.34537e-02 2.19788e-02 2.46814e-02 1.49969e-02 2.37603e-02 1.97474e-02 1.20480e-02 2.18918e-02 1.77294e-02 1.30444e-02 1.40483e-02 1.97118e-02 1.87156e-02 1.78143e-02 1.85306e-02 2.25492e-02 1.16697e-02 2.18563e-02 1.91235e-02 1.80856e-02 1.58518e-02 1.65231e-02 2.21769e-02 1.98559e-02 2.71221e-02 1.77631e-02 1.87637e-02 2.07653e-02 2.35289e-02 3.04581e-02 2.91910e-02 2.68125e-02 2.47259e-02 1.80265e-02 2.59520e-02 
3.78333e-02 2.66239e-02 4.24181e-02 3.85581e-02 3.15774e-02 3.55702e-02 2.24313e-02 4.40497e-02 3.11842e-02 8.13785e-02 7.89802e-02 6.90921e-02 7.35059e-02 7.77407e-02 7.29365e-02 1.00265e-01 1.33857e-01 2.31847e-01 3.22452e-01 1.00000e+00 4.04263e-01 2.21741e-01 1.19323e-01 7.01504e-02 4.52636e-02 5.22549e-02 5.51670e-02 4.38750e-02 4.01079e-02 4.30076e-02 3.42242e-02 1.94994e-02 3.87047e-02 2.83385e-02 2.70177e-02 3.71069e-02 2.97669e-02 2.55130e-02 2.47454e-02 3.31577e-02 2.43156e-02 2.64882e-02 2.41428e-02 2.14653e-02 1.99100e-02 1.61200e-02 2.31702e-02 2.35003e-02 2.37239e-02 2.63193e-02 2.98179e-02 2.37199e-02 3.19947e-02 2.78426e-02 2.84009e-02 1.98158e-02 2.99612e-02 2.33971e-02 2.48439e-02 2.61061e-02 2.30258e-02 2.69875e-02 2.05588e-02 2.31012e-02 2.00450e-02 2.04567e-02 1.24429e-02 2.26466e-02 1.56714e-02 2.11573e-02 1.24133e-02 2.51690e-02 1.58814e-02 1.82993e-02 2.78826e-02 1.27585e-02 2.00215e-02 1.40812e-02 1.38137e-02 1.98358e-02 1.91348e-02 1.43140e-02 1.29076e-02 1.96235e-02 2.75527e-02 1.85369e-02 1.92877e-02 2.57744e-02 1.81442e-02 1.37346e-02 1.54390e-02 1.43518e-02 1.32802e-02 1.95307e-02 1.97064e-02 2.06651e-02 1.96752e-02 2.33090e-02 2.30389e-02 2.89805e-02 3.49462e-02 2.26135e-02 2.29075e-02 2.51923e-02 
3.19521e-02 2.91995e-02 2.46066e-02 4.26728e-02 3.89614e-02 2.26088e-02 3.95506e-02 3.80634e-02 3.97976e-02 8.38421e-02 8.26836e-02 6.09824e-02 6.82029e-02 8.19397e-02 6.98117e-02 1.09531e-01 1.14007e-01 1.34335e-01 1.82107e-01 4.04263e-01 1.00000e+00 3.88340e-01 1.48308e-01 8.00574e-02 6.49866e-02 2.65711e-02 5.43566e-02 5.05133e-02 3.14915e-02 3.85922e-02 2.84852e-02 3.20787e-02 2.93284e-02 2.31985e-02 2.55908e-02 1.52216e-02 2.70671e-02 3.40470e-02 3.53002e-02 3.06037e-02 3.04147e-02 3.04728e-02 2.75101e-02 2.56821e-02 1.88063e-02 2.05724e-02 2.21775e-02 2.22592e-02 2.72490e-02 4.10734e-02 1.96215e-02 2.38987e-02 2.60303e-02 2.37944e-02 2.54852e-02 2.84502e-02 3.47267e-02 2.16312e-02 2.97244e-02 2.93415e-02 2.41055e-02 2.42169e-02 2.02567e-02 2.52359e-02 2.25721e-02 2.56408e-02 1.48872e-02 1.45899e-02 2.72728e-02 2.64142e-02 2.04213e-02 1.85313e-02 1.02314e-02 2.59993e-02 2.08500e-02 1.14486e-02 1.38685e-02 2.24632e-02 2.85472e-02 1.77993e-02 1.24875e-02 1.44912e-02 2.25709e-02 8.28651e-03 1.97792e-02 1.35535e-02 1.23076e-02 3.08377e-02 1.92965e-02 9.12928e-03 1.97034e-02 1.24881e-02 1.45649e-02 1.78692e-02 2.35776e-02 2.47247e-02 3.32335e-02 2.01947e-02 3.72125e-02 3.23621e-02 2.22122e-02 1.56639e-02 2.51236e-02 1.91808e-02 
2.59573e-02 3.68258e-02 3.69044e-02 3.11350e-02 4.16117e-02 3.69002e-02 5.19025e-02 4.06194e-02 6.34182e-02 8.01116e-02 7.63973e-02 6.19897e-02 6.32579e-02 5.81244e-02 9.16145e-02 9.19140e-02 8.54930e-02 1.43909e-01 1.55780e-01 2.21741e-01 3.88340e-01 1.00000e+00 2.73359e-01 1.09417e-01 7.87847e-02 4.45392e-02 6.50242e-02 5.05058e-02 3.93585e-02 3.85866e-02 5.20668e-02 4.70176e-02 4.39862e-02 2.27491e-02 4.54507e-02 3.70973e-02 3.41850e-02 3.52159e-02 3.75721e-02 4.41988e-02 3.07408e-02 3.10777e-02 4.64165e-02 2.47612e-02 2.53848e-02 3.47109e-02 2.18278e-02 3.42624e-02 4.08675e-02 3.38806e-02 3.61161e-02 2.57620e-02 3.67433e-02 3.44968e-02 2.54814e-02 2.75571e-02 2.85613e-02 3.14879e-02 2.33032e-02 3.12299e-02 2.75451e-02 2.32044e-02 3.79758e-02 2.97380e-02 2.43319e-02 2.62197e-02 1.92829e-02 1.40668e-02 2.17298e-02 1.81571e-02 2.36667e-02 2.86614e-02 2.41134e-02 2.66796e-02 2.18893e-02 1.71704e-02 1.60725e-02 1.68450e-02 7.88689e-03 1.63137e-02 1.40464e-02 1.08668e-02 2.04890e-02 1.76063e-02 2.47204e-02 1.29355e-02 2.07660e-02 1.65178e-02 1.89922e-02 1.77995e-02 1.47754e-02 2.45824e-02 1.88654e-02 2.06153e-02 2.81283e-02 2.42457e-02 2.80366e-02 2.37974e-02 2.99723e-02 2.94683e-02 3.72327e-02 2.24246e-02 6.85090e-03 1.33561e-02 
2.69921e-02 3.55203e-02 3.86635e-02 4.67657e-02 5.64912e-02 7.44196e-02 6.18582e-02 7.47969e-02 7.26187e-02 6.68974e-02 5.62779e-02 4.50593e-02 3.34777e-02 5.20834e-02 5.30773e-02 4.44134e-02 6.05376e-02 9.19643e-02 8.42348e-02 1.19323e-01 1.48308e-01 2.73359e-01 1.00000e+00 3.88501e-01 1.24730e-01 9.76024e-02 7.66186e-02 6.18493e-02 6.20230e-02 5.47705e-02 6.64149e-02 5.79428e-02 4.75694e-02 4.63101e-02 5.24300e-02 4.21767e-02 7.50948e-02 5.99833e-02 6.64900e-02 5.88299e-02 4.39692e-02 4.84369e-02 4.23892e-02 6.39705e-02 4.47377e-02 5.94360e-02 5.39563e-02 3.70535e-02 4.88004e-02 3.55302e-02 3.76116e-02 4.60305e-02 2.73189e-02 2.31561e-02 3.34623e-02 2.59565e-02 3.08880e-02 5.05635e-02 4.71159e-02 4.45203e-02 2.79272e-02 3.16411e-02 3.16821e-02 3.21605e-02 2.17377e-02 2.83556e-02 2.19513e-02 1.69030e-02 3.04117e-02 1.69585e-02 2.71002e-02 2.34819e-02 2.60777e-02 1.88654e-02 1.01453e-02 1.54743e-02 1.53369e-02 1.02472e-02 1.46218e-02 1.12271e-02 1.35028e-02 2.45724e-02 1.83045e-02 8.96023e-03 1.51494e-02 2.09839e-02 2.37053e-02 2.85814e-02 4.01006e-02 3.40567e-02 2.89620e-02 2.15212e-02 2.14761e-02 2.56389e-02 4.17184e-02 3.08480e-02 2.69516e-02 3.82141e-02 4.02380e-02 4.21793e-02 2.64906e-02 2.42513e-02 3.14882e-02 1.66663e-02 
2.11225e-02 2.40660e-02 3.36952e-02 4.87950e-02 4.19234e-02 3.81814e-02 3.84181e-02 4.53478e-02 3.57050e-02 4.69967e-02 4.23891e-02 3.78820e-02 3.93238e-02 3.17896e-02 3.29645e-02 3.15243e-02 5.02445e-02 4.61321e-02 5.29949e-02 7.01504e-02 8.00574e-02 1.09417e-01 3.88501e-01 1.00000e+00 3.39594e-01 1.48789e-01 1.26134e-01 1.02517e-01 1.05365e-01 7.65363e-02 1.04914e-01 6.83006e-02 6.29749e-02 7.81958e-02 6.51251e-02 5.75003e-02 9.57891e-02 6.47504e-02 6.36628e-02 5.22370e-02 4.59571e-02 7.18299e-02 5.09210e-02 4.85075e-02 4.83082e-02 6.50848e-02 5.65490e-02 3.89446e-02 4.20314e-02 3.93063e-02 3.77343e-02 3.15973e-02 1.96661e-02 4.07475e-02 3.94253e-02 4.29887e-02 3.30069e-02 2.88398e-02 3.16439e-02 4.93411e-02 4.07599e-02 2.54111e-02 2.07699e-02 3.63160e-02 2.55800e-02 2.55356e-02 3.47647e-02 1.10228e-02 2.83316e-02 2.16191e-02 1.54285e-02 2.01257e-02 2.42940e-02 1.44735e-02 1.26019e-02 8.64952e-03 1.23828e-02 1.16677e-02 1.47568e-02 2.24125e-02 1.41516e-02 1.69199e-02 1.34625e-02 2.19118e-02 1.24528e-02 2.04795e-02 2.44085e-02 2.99547e-02 1.91344e-02 1.93123e-02 1.39557e-02 2.59459e-02 1.80064e-02 2.59622e-02 3.31971e-02 2.65827e-02 2.40619e-02 2.83349e-02 3.85270e-02 5.15192e-02 2.17172e-02 2.36684e-02 1.55300e-02 1.86315e-02 
2.10926e-02 3.36446e-02 3.80099e-02 3.36208e-02 3.81585e-02 3.53981e-02 2.05885e-02 3.24716e-02 4.65008e-02 3.94212e-02 3.64920e-02 3.34933e-02 5.11839e-02 3.08757e-02 2.76509e-02 3.47062e-02 4.04253e-02 3.98016e-02 5.81303e-02 4.52636e-02 6.49866e-02 7.87847e-02 1.24730e-01 3.39594e-01 1.00000e+00 4.03141e-01 2.09964e-01 1.73867e-01 1.37798e-01 1.13113e-01 1.04926e-01 8.31646e-02 8.99963e-02 8.14237e-02 7.51129e-02 7.15438e-02 6.40984e-02 5.87773e-02 6.35038e-02 4.81267e-02 4.27393e-02 4.48024e-02 4.18413e-02 4.18510e-02 4.29049e-02 3.25932e-02 3.68929e-02 3.93489e-02 3.66953e-02 3.29704e-02 3.84344e-02 3.02904e-02 3.00811e-02 3.31741e-02 4.07611e-02 3.75617e-02 2.98162e-02 2.09656e-02 4.28116e-02 3.11907e-02 3.63721e-02 3.23989e-02 2.47575e-02 2.58929e-02 2.23508e-02 2.28966e-02 2.31572e-02 1.98128e-02 1.83637e-02 1.67394e-02 2.47066e-02 1.76156e-02 1.85255e-02 1.64764e-02 1.05706e-02 3.14396e-02 1.11858e-02 1.69047e-02 1.61868e-02 1.75465e-02 1.31894e-02 1.25229e-02 1.35509e-02 1.40037e-02 1.81055e-02 1.71784e-02 2.92486e-02 1.25631e-02 1.60501e-02 1.85135e-02 1.95102e-02 1.87959e-02 1.25866e-02 1.56796e-02 2.98835e-02 2.16951e-02 2.19384e-02 2.13299e-02 3.31902e-02 3.22279e-02 2.23567e-02 2.07557e-02 2.46060e-02 1.64965e-02 
1.94804e-02 2.54895e-02 2.67223e-02 3.05870e-02 3.99495e-02 3.28384e-02 2.97106e-02 4.01647e-02 4.09448e-02 3.33906e-02 2.83557e-02 3.34615e-02 3.44689e-02 4.65811e-02 3.39169e-02 4.29287e-02 2.85477e-02 4.94593e-02 4.31767e-02 5.22549e-02 2.65711e-02 4.45392e-02 9.76024e-02 1.48789e-01 4.03141e-01 1.00000e+00 3.79924e-01 2.32786e-01 1.61825e-01 1.11761e-01 9.76876e-02 9.46765e-02 7.34054e-02 6.03821e-02 6.77458e-02 4.17611e-02 6.12315e-02 6.01255e-02 3.43652e-02 3.31703e-02 2.90240e-02 3.90148e-02 3.39638e-02 4.52955e-02 2.40780e-02 3.52758e-02 2.78872e-02 3.10701e-02 3.01111e-02 3.38059e-02 2.61005e-02 1.50257e-02 2.38051e-02 3.04644e-02 1.55377e-02 3.57748e-02 3.48314e-02 1.86184e-02 2.84189e-02 3.54890e-02 3.25423e-02 3.69110e-02 2.11715e-02 2.63755e-02 2.06424e-02 1.81195e-02 2.97044e-02 2.28731e-02 1.24706e-02 2.01301e-02 2.37689e-02 1.58879e-02 2.40602e-02 1.00112e-02 7.62704e-03 1.04699e-02 1.38359e-02 1.41232e-02 1.09923e-02 1.26604e-02 3.80665e-03 1.44571e-02 1.73822e-02 1.26302e-02 6.02945e-03 1.91557e-02 1.68831e-02 6.04317e-03 9.92635e-03 1.83674e-02 1.57666e-02 2.42687e-02 2.05852e-02 2.51410e-02 2.64625e-02 2.00021e-02 1.51962e-02 2.37450e-02 1.38646e-02 1.58547e-02 1.91184e-02 2.60452e-02 1.46210e-02 1.87940e-02 
1.71383e-02 2.51261e-02 2.09621e-02 2.53267e-02 2.68209e-02 2.51768e-02 1.60442e-02 3.21487e-02 3.39032e-02 3.27681e-02 3.91319e-02 3.79687e-02 4.21320e-02 3.52163e-02 2.31280e-02 4.14703e-02 4.31653e-02 3.83112e-02 4.08586e-02 5.51670e-02 5.43566e-02 6.50242e-02 7.66186e-02 1.26134e-01 2.09964e-01 3.79924e-01 1.00000e+00 3.61504e-01 1.86230e-01 1.66817e-01 1.24027e-01 1.19248e-01 1.06367e-01 7.02670e-02 6.73140e-02 6.43556e-02 5.71735e-02 4.97852e-02 5.25989e-02 3.34738e-02 3.60487e-02 2.86131e-02 3.02059e-02 3.05602e-02 4.17730e-02 3.40773e-02 3.25376e-02 2.83881e-02 2.66521e-02 2.17716e-02 2.83655e-02 3.39317e-02 1.50732e-02 2.28228e-02 3.30828e-02 2.87247e-02 3.64756e-02 2.69787e-02 2.14853e-02 2.86690e-02 1.99920e-02 2.85256e-02 2.30087e-02 3.00293e-02 2.88434e-02 1.94161e-02 3.07449e-02 1.89394e-02 1.93612e-02 1.83350e-02 2.24928e-02 1.40325e-02 1.21748e-02 1.55428e-02 2.52614e-02 1.15591e-02 1.33659e-02 1.80731e-02 1.25151e-02 1.79711e-02 1.73360e-02 1.09733e-02 1.43928e-02 1.46413e-02 1.83059e-02 1.30623e-02 1.86395e-02 1.16757e-02 1.91782e-02 1.65912e-02 1.39876e-02 2.00950e-02 2.40635e-02 1.87355e-02 2.59692e-02 1.65622e-02 1.99228e-02 1.45640e-02 1.98294e-02 1.57537e-02 2.57245e-02 1.72528e-02 1.38360e-02 1.76367e-02 
2.39174e-02 2.07673e-02 2.13898e-02 2.87396e-02 2.05260e-02 2.54336e-02 2.29201e-02 2.46034e-02 2.52255e-02 3.21306e-02 3.16590e-02 3.37695e-02 3.32838e-02 3.33680e-02 3.16069e-02 2.72034e-02 3.14614e-02 3.74078e-02 4.61220e-02 4.38750e-02 5.05133e-02 5.05058e-02 6.18493e-02 1.02517e-01 1.73867e-01 2.32786e-01 3.61504e-01 1.00000e+00 4.26696e-01 2.09669e-01 1.53726e-01 1.21680e-01 1.01083e-01 7.75608e-02 7.72732e-02 8.08606e-02 6.35685e-02 5.57903e-02 5.34520e-02 3.87548e-02 3.44852e-02 3.39060e-02 3.82620e-02 3.08293e-02 2.90627e-02 2.75697e-02 2.32945e-02 3.19093e-02 3.35562e-02 2.93565e-02 2.79105e-02 2.42368e-02 2.30711e-02 3.67712e-02 3.58676e-02 2.12961e-02 2.59672e-02 3.24450e-02 2.19236e-02 2.79740e-02 2.86041e-02 2.41697e-02 2.68321e-02 2.99455e-02 2.45265e-02 2.56659e-02 2.03919e-02 2.29494e-02 2.17318e-02 2.23233e-02 2.04413e-02 1.40951e-02 1.69407e-02 1.74459e-02 1.44995e-02 1.32693e-02 1.02289e-02 1.78994e-02 1.91556e-02 2.29221e-02 1.56795e-02 1.60322e-02 1.44570e-02 1.36061e-02 1.40095e-02 1.99931e-02 1.87226e-02 1.27649e-02 1.46771e-02 1.37554e-02 1.71276e-02 1.26648e-02 1.53465e-02 1.51349e-02 1.73900e-02 1.92881e-02 1.84568e-02 2.61927e-02 2.63574e-02 2.14334e-02 2.27158e-02 1.89801e-02 1.58831e-02 1.98491e-02 
1.63538e-02 1.86327e-02 2.96863e-02 3.03579e-02 3.41850e-02 1.98372e-02 2.97446e-02 2.82591e-02 2.72803e-02 4.50875e-02 3.75692e-02 2.14026e-02 3.46453e-02 4.08051e-02 3.06267e-02 3.43226e-02 3.81071e-02 2.90839e-02 2.84057e-02 4.01079e-02 3.14915e-02 3.93585e-02 6.20230e-02 1.05365e-01 1.37798e-01 1.61825e-01 1.86230e-01 4.26696e-01 1.00000e+00 3.17448e-01 2.35873e-01 1.81671e-01 1.04287e-01 1.22128e-01 1.13450e-01 7.12299e-02 7.37466e-02 6.28367e-02 4.79577e-02 4.57477e-02 3.59683e-02 3.95709e-02 4.10340e-02 3.38005e-02 3.41017e-02 2.14349e-02 2.79719e-02 2.46700e-02 2.78932e-02 2.16229e-02 3.28671e-02 2.49006e-02 2.95567e-02 3.47957e-02 3.08794e-02 2.60026e-02 2.45722e-02 2.34452e-02 2.96369e-02 2.49140e-02 1.10788e-02 1.65263e-02 3.30078e-02 7.38074e-03 1.73293e-02 1.43166e-02 2.49369e-02 1.46301e-02 1.79470e-02 2.02791e-02 1.79179e-02 1.72757e-02 1.92367e-02 1.44076e-02 7.31760e-03 1.00451e-02 1.21684e-02 1.35502e-02 1.58195e-02 1.04115e-02 1.27827e-02 1.61823e-02 8.33848e-03 1.69649e-02 1.15696e-02 1.62163e-02 9.44893e-03 1.93266e-02 1.69309e-02 2.24283e-02 2.16099e-02 1.50662e-02 1.51029e-02 2.17089e-02 1.59856e-02 1.66875e-02 2.06545e-02 1.60315e-02 2.05578e-02 2.73807e-02 1.26107e-02 1.87414e-02 1.40278e-02 1.32231e-02 
1.75361e-02 2.37260e-02 2.45979e-02 3.14676e-02 2.66593e-02 2.37739e-02 2.52502e-02 2.20380e-02 2.22320e-02 4.70749e-02 3.19504e-02 3.69749e-02 2.53296e-02 2.70865e-02 3.28409e-02 4.17112e-02 4.59699e-02 3.44694e-02 3.55359e-02 4.30076e-02 3.85922e-02 3.85866e-02 5.47705e-02 7.65363e-02 1.13113e-01 1.11761e-01 1.66817e-01 2.09669e-01 3.17448e-01 1.00000e+00 3.66826e-01 2.51051e-01 1.52490e-01 1.10810e-01 1.01377e-01 1.12183e-01 6.43348e-02 6.51704e-02 4.71395e-02 4.90552e-02 3.85687e-02 2.63765e-02 3.10593e-02 2.07110e-02 3.06692e-02 3.14526e-02 3.12983e-02 3.08625e-02 3.31145e-02 4.50842e-02 2.18173e-02 3.23220e-02 2.59311e-02 2.23868e-02 2.85447e-02 2.11907e-02 1.79171e-02 3.11259e-02 3.68642e-02 2.84963e-02 2.69994e-02 2.91132e-02 2.17810e-02 2.03512e-02 2.92006e-02 2.19309e-02 1.90998e-02 1.37268e-02 1.92446e-02 2.58871e-02 1.57199e-02 1.19866e-02 1.65020e-02 1.54492e-02 1.96166e-02 7.18091e-03 1.42343e-02 1.98135e-02 9.89522e-03 9.30354e-03 7.83251e-03 1.23945e-02 1.22943e-02 1.42932e-02 1.55076e-02 1.62295e-02 2.02641e-02 1.86515e-02 2.15590e-02 6.87137e-03 1.50620e-02 1.61554e-02 1.99321e-02 1.16392e-02 1.61330e-02 1.16311e-02 2.60562e-02 2.89525e-02 2.72308e-02 2.06609e-02 1.96689e-02 1.87565e-02 2.14885e-02 1.54681e-02 
2.21889e-02 3.04161e-02 2.72337e-02 2.40274e-02 2.45967e-02 3.18629e-02 2.20706e-02 2.89744e-02 2.07279e-02 2.25381e-02 2.76842e-02 2.68209e-02 2.80439e-02 2.99891e-02 1.81801e-02 4.07479e-02 3.11031e-02 2.72594e-02 3.23182e-02 3.42242e-02 2.84852e-02 5.20668e-02 6.64149e-02 1.04914e-01 1.04926e-01 9.76876e-02 1.24027e-01 1.53726e-01 2.35873e-01 3.66826e-01 1.00000e+00 3.69086e-01 1.89734e-01 1.61720e-01 1.09434e-01 9.51350e-02 7.56807e-02 7.09311e-02 4.03294e-02 4.25049e-02 3.16819e-02 3.93605e-02 2.72235e-02 3.24847e-02 3.26497e-02 3.75017e-02 3.32084e-02 3.17290e-02 2.60189e-02 2.28185e-02 3.15876e-02 3.73415e-02 2.55199e-02 2.31334e-02 2.14904e-02 2.09918e-02 3.03391e-02 2.65088e-02 2.11110e-02 2.76062e-02 2.03270e-02 2.52258e-02 1.65791e-02 1.50213e-02 8.81718e-03 1.57826e-02 2.39661e-02 2.17111e-02 1.59801e-02 3.78327e-02 1.54707e-02 1.93033e-02 1.97928e-02 1.14032e-02 2.17187e-02 3.97521e-03 1.57596e-02 1.16996e-02 6.26033e-03 1.64808e-02 1.73437e-02 1.50949e-02 9.89947e-03 1.29476e-02 1.71694e-02 1.79686e-02 1.12178e-02 1.37668e-02 1.13065e-02 9.50963e-03 1.53932e-02 1.46345e-02 1.65510e-02 1.57501e-02 1.33963e-02 1.68397e-02 2.45211e-02 2.10361e-02 2.87132e-02 2.28749e-02 2.17766e-02 2.07665e-02 9.51650e-03 1.85528e-02 
1.24941e-02 2.03821e-02 3.01774e-02 3.05024e-02 2.82034e-02 1.92886e-02 1.80763e-02 2.87267e-02 3.92583e-02 2.99963e-02 3.40109e-02 2.54354e-02 3.21560e-02 3.58979e-02 3.90860e-02 2.44738e-02 3.47375e-02 2.97680e-02 5.06370e-02 1.94994e-02 3.20787e-02 4.70176e-02 5.79428e-02 6.83006e-02 8.31646e-02 9.46765e-02 1.19248e-01 1.21680e-01 1.81671e-01 2.51051e-01 3.69086e-01 1.00000e+00 3.87174e-01 2.31411e-01 1.20654e-01 1.16876e-01 9.35840e-02 5.90958e-02 5.44035e-02 4.44826e-02 4.85118e-02 3.32771e-02 3.87257e-02 2.97357e-02 3.10194e-02 2.96178e-02 2.83809e-02 2.59868e-02 3.29337e-02 2.45291e-02 2.89146e-02 2.54863e-02 2.61267e-02 3.78935e-02 3.20962e-02 3.03402e-02 2.48484e-02 2.82246e-02 2.53592e-02 2.26101e-02 2.25241e-02 2.06605e-02 2.46885e-02 2.35804e-02 1.80537e-02 2.58527e-02 2.07834e-02 2.13382e-02 1.59965e-02 1.87793e-02 2.37578e-02 1.58099e-02 1.12229e-02 7.00458e-03 1.42305e-02 9.76735e-03 7.52937e-03 1.07800e-02 1.66639e-02 1.01236e-02 5.32682e-03 1.12392e-02 1.31753e-02 1.76740e-02 1.31247e-02 1.89214e-02 1.31252e-02 2.44298e-02 1.64627e-02 1.40195e-02 1.78605e-02 9.32243e-03 7.90746e-03 1.64177e-02 1.64579e-02 2.51503e-02 1.53579e-02 1.64086e-02 2.11651e-02 2.56374e-02 2.34091e-02 1.33636e-02 1.75370e-02 8.18199e-03 
