1.00000e+00 2.90320e-01 1.34917e-01 1.09410e-01 6.88095e-02 6.98479e-02 5.73162e-02 5.24322e-02 6.08768e-02 6.74915e-02 5.25879e-02 6.50587e-02 4.73355e-02 7.48440e-02 4.47800e-02 3.57971e-02 4.26560e-02 3.65333e-02 5.31284e-02 4.39592e-02 2.57594e-02 4.10303e-02 4.16015e-02 3.80696e-02 3.57576e-02 3.65257e-02 3.07099e-02 2.71071e-02 2.49567e-02 2.62240e-02 1.59366e-02 5.67834e-03 1.92767e-02 2.47694e-02 1.80037e-02 1.30712e-02 1.88182e-02 1.22927e-02 3.54904e-03 1.86951e-02 9.05566e-03 9.23542e-03 1.41563e-02 4.27528e-03 4.92739e-03 2.02397e-02 1.22384e-02 9.75112e-03 8.55070e-03 1.82679e-02 2.04052e-02 1.66396e-02 1.14619e-02 8.51691e-03 2.03975e-02 1.81756e-02 2.61725e-02 2.13277e-02 1.63537e-02 2.17523e-02 2.17594e-02 2.01591e-02 4.04412e-02 5.79878e-02 3.88515e-02 3.93693e-02 4.54001e-02 4.74599e-02 2.86814e-02 2.32368e-02 3.43393e-02 2.28632e-02 3.02258e-02 2.96368e-02 2.16839e-02 1.94839e-02 1.58100e-02 1.80581e-02 1.86085e-02 1.87830e-02 2.29631e-02 2.52290e-02 2.26419e-02 2.02534e-02 2.08422e-02 3.49956e-02 3.37959e-02 3.68827e-02 1.54910e-02 
2.90320e-01 1.00000e+00 3.14665e-01 1.34873e-01 1.12849e-01 9.59333e-02 7.99515e-02 6.75127e-02 7.16672e-02 7.73719e-02 6.16423e-02 7.70691e-02 8.48001e-02 9.80226e-02 5.80866e-02 5.07024e-02 4.89329e-02 5.09611e-02 4.10455e-02 5.24320e-02 5.48383e-02 5.37119e-02 5.75139e-02 6.34915e-02 4.91116e-02 5.64374e-02 4.19495e-02 3.72305e-02 3.62934e-02 3.66607e-02 3.18065e-02 1.97411e-02 2.07594e-02 1.48837e-02 1.92588e-02 6.73228e-03 1.39999e-02 2.05767e-02 1.82792e-02 2.00601e-02 1.86564e-02 1.66484e-02 2.18735e-02 1.98177e-02 2.15716e-02 1.84432e-02 1.57584e-02 1.50669e-02 1.76161e-02 1.97586e-02 1.70782e-02 1.88544e-02 2.36137e-02 1.75464e-02 2.38766e-02 2.05948e-02 1.63686e-02 1.88311e-02 2.27419e-02 2.57679e-02 3.56590e-02 4.39276e-02 5.29408e-02 7.50929e-02 8.00414e-02 8.00944e-02 5.96272e-02 5.90732e-02 4.11514e-02 3.29121e-02 3.65518e-02 3.00932e-02 2.72435e-02 2.28965e-02 2.88513e-02 2.73686e-02 1.97757e-02 1.19581e-02 2.39607e-02 2.41853e-02 2.25790e-02 2.87727e-02 2.47810e-02 2.24677e-02 2.83007e-02 3.36455e-02 3.91646e-02 2.89468e-02 3.30542e-02 
1.34917e-01 3.14665e-01 1.00000e+00 3.18946e-01 1.83570e-01 1.46483e-01 1.09146e-01 9.93914e-02 7.70833e-02 6.15098e-02 4.97256e-02 9.59581e-02 1.04320e-01 9.77304e-02 7.30422e-02 3.56950e-02 4.99456e-02 4.04768e-02 5.10454e-02 5.38310e-02 5.99339e-02 7.67124e-02 5.82215e-02 4.21789e-02 4.95216e-02 5.18500e-02 3.77231e-02 3.43235e-02 3.90361e-02 4.25442e-02 3.14513e-02 2.12330e-02 2.32990e-02 2.40127e-02 1.95634e-02 1.44821e-02 2.77993e-02 1.78756e-02 1.76946e-02 1.81239e-02 1.35447e-02 1.91856e-02 2.09125e-02 1.24340e-02 8.18889e-03 1.42309e-02 1.52543e-02 1.78261e-02 1.24342e-02 1.51798e-02 2.22546e-02 1.79748e-02 7.93694e-03 2.54778e-02 1.54086e-02 1.81237e-02 3.10688e-02 3.67107e-02 2.03838e-02 3.25353e-02 2.95872e-02 3.35026e-02 3.92057e-02 5.50690e-02 5.02193e-02 3.27142e-02 4.71569e-02 3.45074e-02 4.08565e-02 2.09178e-02 3.23390e-02 2.95529e-02 2.66860e-02 2.25746e-02 2.70275e-02 1.76621e-02 1.87678e-02 2.14364e-02 3.28586e-02 2.60130e-02 2.42853e-02 2.24616e-02 2.93975e-02 3.88377e-02 2.20423e-02 3.29571e-02 3.79119e-02 3.21073e-02 2.75836e-02 
1.09410e-01 1.34873e-01 3.18946e-01 1.00000e+00 3.45617e-01 1.85000e-01 1.09062e-01 1.05525e-01 7.63761e-02 8.28540e-02 7.00721e-02 8.37994e-02 8.43471e-02 9.64035e-02 5.04936e-02 5.23964e-02 5.22190e-02 4.27792e-02 4.37424e-02 5.41838e-02 5.52995e-02 4.30403e-02 4.74319e-02 6.04989e-02 4.38647e-02 4.09881e-02 3.36149e-02 2.72069e-02 3.78185e-02 4.16742e-02 3.03245e-02 2.24408e-02 2.05202e-02 1.93360e-02 8.91916e-03 1.91323e-02 1.59145e-02 1.07957e-02 1.24674e-02 1.45942e-02 1.16642e-02 1.75733e-02 1.93393e-02 1.75217e-02 2.16367e-02 1.64077e-02 2.26903e-02 2.28364e-02 2.25282e-02 1.81824e-02 2.31471e-02 2.53296e-02 1.67768e-02 1.39622e-02 1.41137e-02 1.59622e-02 2.51743e-02 2.05144e-02 1.34047e-02 2.16504e-02 2.77957e-02 3.72241e-02 4.93283e-02 5.04412e-02 5.30759e-02 3.45750e-02 4.91747e-02 3.01024e-02 4.31805e-02 4.08141e-02 2.68067e-02 2.82592e-02 3.20751e-02 1.59058e-02 1.48114e-02 2.07409e-02 2.90918e-02 1.81245e-02 2.04280e-02 1.46628e-02 1.71111e-02 2.00465e-02 2.15416e-02 1.73309e-02 2.55148e-02 2.32212e-02 2.37442e-02 2.36507e-02 2.59134e-02 
6.88095e-02 1.12849e-01 1.83570e-01 3.45617e-01 1.00000e+00 3.85338e-01 1.58101e-01 1.36559e-01 1.18232e-01 9.13687e-02 1.01827e-01 1.01907e-01 9.36703e-02 7.58389e-02 4.80361e-02 5.60720e-02 5.73033e-02 5.75851e-02 5.20121e-02 5.88053e-02 5.48139e-02 4.14314e-02 5.30629e-02 4.39335e-02 3.42200e-02 3.77823e-02 2.60445e-02 2.59415e-02 2.95032e-02 3.54301e-02 2.59049e-02 2.68512e-02 1.86451e-02 2.19614e-02 1.80091e-02 1.41647e-02 1.60669e-02 1.45321e-02 8.39117e-03 2.30217e-02 1.17759e-02 9.55315e-03 1.11568e-02 1.13718e-02 1.16501e-02 1.19634e-02 1.44679e-02 2.07496e-02 1.01084e-02 1.40373e-02 1.65843e-02 1.18025e-02 1.58083e-02 2.81917e-02 1.53449e-02 1.82637e-02 2.32053e-02 1.62084e-02 2.31995e-02 2.57150e-02 2.92311e-02 3.20810e-02 4.68126e-02 5.09242e-02 3.18953e-02 6.63216e-02 2.81772e-02 2.33774e-02 3.26955e-02 2.63254e-02 3.38292e-02 1.50157e-02 2.79157e-02 2.48171e-02 2.67023e-02 2.30334e-02 2.00253e-02 1.37236e-02 2.74982e-02 1.66536e-02 2.71464e-02 2.23688e-02 2.76031e-02 2.76266e-02 2.01593e-02 2.20645e-02 2.09752e-02 1.45339e-02 1.56969e-02 
6.98479e-02 9.59333e-02 1.46483e-01 1.85000e-01 3.85338e-01 1.00000e+00 2.87813e-01 1.69003e-01 1.22749e-01 1.08734e-01 9.84418e-02 9.71247e-02 9.60836e-02 8.35820e-02 7.20280e-02 5.82990e-02 3.99975e-02 4.46235e-02 4.14597e-02 5.52638e-02 4.66130e-02 5.56848e-02 3.09044e-02 4.13333e-02 3.69744e-02 2.47856e-02 4.63897e-02 3.36354e-02 2.70963e-02 2.98279e-02 3.67686e-02 2.62018e-02 2.47346e-02 2.24107e-02 2.70653e-02 1.89223e-02 2.04315e-02 2.33564e-02 1.54132e-02 1.35319e-02 2.75296e-02 7.52038e-03 2.39088e-02 2.55299e-02 1.87244e-02 1.69037e-02 1.77168e-02 1.48219e-02 9.28375e-03 1.98340e-02 1.10773e-02 1.08396e-02 1.45186e-02 2.77412e-02 1.20797e-02 1.77604e-02 1.42081e-02 1.32321e-02 1.24290e-02 2.59788e-02 2.57725e-02 3.70401e-02 3.47607e-02 3.41778e-02 3.28084e-02 4.48817e-02 2.71107e-02 3.22054e-02 2.22430e-02 2.52288e-02 1.24277e-02 1.37907e-02 2.05106e-02 3.48590e-02 2.74666e-02 3.07699e-02 2.20698e-02 2.24070e-02 1.01019e-02 2.03932e-02 1.58656e-02 1.76091e-02 2.15101e-02 2.19897e-02 2.46862e-02 2.53305e-02 1.65119e-02 2.09757e-02 4.80544e-03 
5.73162e-02 7.99515e-02 1.09146e-01 1.09062e-01 1.58101e-01 2.87813e-01 1.00000e+00 3.97248e-01 1.60452e-01 1.18806e-01 1.28642e-01 1.16650e-01 9.14508e-02 9.83545e-02 7.11109e-02 4.60453e-02 5.29029e-02 5.69603e-02 6.47143e-02 5.41092e-02 4.01624e-02 3.46514e-02 3.58450e-02 3.95704e-02 3.05302e-02 3.44063e-02 2.28995e-02 3.72322e-02 2.63221e-02 3.40722e-02 1.86355e-02 1.43866e-02 1.09291e-02 2.09185e-02 2.15924e-02 1.86814e-02 2.11901e-02 1.91659e-02 2.76671e-02 1.82176e-02 2.40023e-02 8.99954e-03 1.47144e-02 2.83294e-02 9.60308e-03 9.70967e-03 1.43110e-02 1.06423e-02 1.16652e-02 1.28170e-02 1.69015e-02 1.68632e-02 1.63814e-02 1.32790e-02 1.59012e-02 1.55860e-02 1.74884e-02 2.73148e-02 2.42227e-02 1.01744e-02 1.54208e-02 2.78041e-02 3.80947e-02 2.58317e-02 3.53352e-02 2.14837e-02 1.94658e-02 3.23734e-02 3.03445e-02 2.11337e-02 1.78465e-02 2.77252e-02 1.32542e-02 9.62661e-03 1.40867e-02 2.07123e-02 1.23250e-02 1.40775e-02 1.45066e-02 7.32129e-03 1.95286e-02 1.68580e-02 2.20636e-02 2.42906e-02 1.92021e-02 2.00064e-02 1.44904e-02 6.84584e-03 1.20763e-02 
5.24322e-02 6.75127e-02 9.93914e-02 1.05525e-01 1.36559e-01 1.69003e-01 3.97248e-01 1.00000e+00 3.00794e-01 2.08437e-01 1.52273e-01 1.30488e-01 1.23286e-01 1.17804e-01 7.18523e-02 5.36095e-02 6.11851e-02 5.94342e-02 5.32799e-02 5.44483e-02 5.69472e-02 4.93768e-02 4.09882e-02 4.55715e-02 3.27859e-02 2.93039e-02 3.28506e-02 2.48543e-02 3.76891e-02 3.20594e-02 2.45059e-02 2.35374e-02 1.78085e-02 1.43520e-02 1.92587e-02 1.98083e-02 2.12483e-02 1.15059e-02 9.49109e-03 1.41654e-02 1.64678e-02 1.60537e-02 1.85083e-02 1.37199e-02 1.44949e-02 1.49889e-02 9.81863e-03 9.38777e-03 1.37201e-02 1.46560e-02 1.50065e-02 1.86895e-02 1.53261e-02 2.18655e-02 1.88440e-02 2.52753e-02 2.29975e-02 1.71109e-02 2.53658e-02 1.51246e-02 2.85662e-02 1.90761e-02 2.70377e-02 3.81042e-02 2.53976e-02 2.73739e-02 2.54966e-02 2.74994e-02 2.95850e-02 2.38209e-02 1.95909e-02 2.44569e-02 1.61664e-02 1.84933e-02 1.54636e-02 1.89474e-02 2.41602e-02 1.79371e-02 1.86616e-02 1.00461e-02 1.33984e-02 1.44577e-02 2.34633e-02 1.08326e-02 1.41878e-02 1.24784e-02 2.62100e-02 1.50300e-02 7.10180e-03 
6.08768e-02 7.16672e-02 7.70833e-02 7.63761e-02 1.18232e-01 1.22749e-01 1.60452e-01 3.00794e-01 1.00000e+00 4.55301e-01 1.64732e-01 1.44675e-01 1.30483e-01 9.10586e-02 7.37628e-02 5.41986e-02 4.77036e-02 5.04157e-02 3.92768e-02 6.78700e-02 5.85015e-02 4.04439e-02 3.31509e-02 3.94554e-02 2.09465e-02 4.75248e-02 3.28506e-02 2.32079e-02 2.77836e-02 1.89068e-02 2.63909e-02 2.01499e-02 2.15577e-02 2.92985e-02 1.04840e-02 2.47380e-02 1.38501e-02 5.81615e-03 1.67919e-02 1.47423e-02 2.05661e-02 1.74786e-02 1.33959e-02 2.22509e-02 1.16567e-02 1.62059e-02 1.35111e-02 1.47637e-02 2.62969e-02 2.24725e-02 2.77568e-02 4.72371e-03 1.80769e-02 1.45069e-02 8.77353e-03 2.75187e-02 1.23832e-02 1.87404e-02 2.63078e-02 2.47005e-02 1.49749e-02 2.20109e-02 3.98633e-02 3.91948e-02 1.22548e-02 2.42154e-02 3.22209e-02 2.05839e-02 2.13248e-02 2.56532e-02 2.38294e-02 2.16349e-02 2.14515e-02 2.10335e-02 1.19694e-02 1.17328e-02 8.54899e-03 1.46468e-02 1.54078e-02 1.77739e-02 1.58033e-02 5.11579e-03 1.07128e-02 1.47426e-02 1.97226e-02 1.10385e-02 2.55843e-02 1.32957e-02 1.04706e-02 
6.74915e-02 7.73719e-02 6.15098e-02 8.28540e-02 9.13687e-02 1.08734e-01 1.18806e-01 2.08437e-01 4.55301e-01 1.00000e+00 4.45901e-01 2.09218e-01 1.31636e-01 1.32216e-01 7.54353e-02 5.46967e-02 6.06297e-02 6.59906e-02 4.71966e-02 3.78180e-02 4.88180e-02 4.00943e-02 4.04579e-02 5.41107e-02 3.99335e-02 2.16317e-02 2.75184e-02 2.93554e-02 3.44292e-02 3.10614e-02 1.69888e-02 2.01774e-02 1.36996e-02 1.17354e-02 1.08264e-02 1.39341e-02 1.33737e-02 1.09202e-02 1.00889e-02 1.32862e-02 1.15842e-02 1.80494e-02 1.00606e-02 1.97493e-02 1.57581e-02 1.21711e-02 8.69758e-03 1.52459e-02 1.36728e-02 1.29827e-02 1.54080e-02 1.30080e-02 1.22186e-02 2.17901e-02 2.10853e-02 1.67921e-02 1.46145e-02 2.70665e-02 2.20823e-02 1.70048e-02 1.96814e-02 3.19595e-02 2.51482e-02 2.47265e-02 2.60770e-02 2.65801e-02 3.22650e-02 2.52966e-02 2.91190e-02 1.92662e-02 1.95234e-02 1.44430e-02 1.34255e-02 1.57967e-02 2.05471e-02 1.51057e-02 1.92615e-02 1.83336e-02 1.98371e-02 2.00230e-02 1.03851e-02 2.04912e-02 1.30741e-02 1.88225e-02 1.61587e-02 1.82385e-02 1.44109e-02 1.37300e-02 1.25819e-02 
5.25879e-02 6.16423e-02 4.97256e-02 7.00721e-02 1.01827e-01 9.84418e-02 1.28642e-01 1.52273e-01 1.64732e-01 4.45901e-01 1.00000e+00 3.44670e-01 2.16848e-01 1.34175e-01 7.85390e-02 5.93310e-02 7.00105e-02 5.76678e-02 5.40524e-02 5.20422e-02 4.67604e-02 3.33951e-02 3.88823e-02 4.72158e-02 4.23325e-02 2.70261e-02 2.21301e-02 1.75738e-02 2.69387e-02 2.06972e-02 1.41502e-02 1.93270e-02 9.33592e-03 2.32147e-02 1.31164e-02 1.93433e-02 1.36146e-02 1.45530e-02 1.68064e-02 1.56773e-02 9.64869e-03 1.09336e-02 1.48972e-02 1.26535e-02 1.02085e-02 1.38238e-02 1.56961e-02 1.38529e-02 1.01230e-02 8.65077e-03 1.58532e-02 1.47744e-02 1.24387e-02 1.20995e-02 1.53670e-02 1.50623e-02 1.99189e-02 1.71335e-02 1.35525e-02 1.67388e-02 1.40511e-02 2.29479e-02 2.29412e-02 3.23637e-02 2.68306e-02 3.14606e-02 2.95614e-02 1.87288e-02 3.15298e-02 2.75094e-02 1.89716e-02 1.65410e-02 1.78917e-02 1.75431e-02 2.13925e-02 1.57272e-02 1.33694e-02 2.59596e-02 1.78995e-02 1.66775e-02 1.48284e-02 2.66678e-02 1.84285e-02 1.75220e-02 1.68236e-02 1.51911e-02 2.30058e-02 1.45548e-02 2.09593e-02 
6.50587e-02 7.70691e-02 9.59581e-02 8.37994e-02 1.01907e-01 9.71247e-02 1.16650e-01 1.30488e-01 1.44675e-01 2.09218e-01 3.44670e-01 1.00000e+00 3.73696e-01 1.80517e-01 8.80547e-02 7.12709e-02 5.97061e-02 6.30384e-02 5.55329e-02 4.91348e-02 4.19407e-02 3.17683e-02 4.30120e-02 3.27244e-02 2.89289e-02 2.98966e-02 2.83558e-02 1.78184e-02 2.33826e-02 2.78459e-02 2.00952e-02 2.41182e-02 1.67473e-02 1.09589e-02 1.76466e-02 2.08194e-02 2.22023e-02 8.15809e-03 5.65281e-03 1.57156e-02 1.34620e-02 1.59358e-02 1.41968e-02 1.36191e-02 1.30804e-02 2.14915e-02 1.08294e-02 1.03542e-02 1.24844e-02 1.55182e-02 1.35421e-02 2.65031e-02 1.72420e-02 1.17568e-02 2.16591e-02 2.31597e-02 1.98509e-02 1.69851e-02 2.08382e-02 2.42525e-02 1.99544e-02 2.71690e-02 2.86283e-02 3.69446e-02 3.20867e-02 4.28494e-02 2.53092e-02 2.72974e-02 2.39292e-02 2.67301e-02 1.58007e-02 1.75336e-02 1.60476e-02 1.44237e-02 6.71563e-03 1.31657e-02 1.91862e-02 1.91749e-02 9.87973e-03 1.49585e-02 1.88417e-02 1.81785e-02 8.26452e-03 1.24073e-02 2.31373e-02 1.73413e-02 2.60174e-02 1.77170e-02 1.76241e-02 
4.73355e-02 8.48001e-02 1.04320e-01 8.43471e-02 9.36703e-02 9.60836e-02 9.14508e-02 1.23286e-01 1.30483e-01 1.31636e-01 2.16848e-01 3.73696e-01 1.00000e+00 3.16052e-01 1.25906e-01 8.05637e-02 6.90367e-02 8.69247e-02 5.01921e-02 7.14991e-02 5.53774e-02 5.16836e-02 5.00127e-02 3.41008e-02 3.88933e-02 4.29420e-02 3.40863e-02 2.94842e-02 2.16974e-02 2.01343e-02 1.47213e-02 1.52591e-02 1.88367e-02 1.24803e-02 1.20951e-02 1.75627e-02 1.68563e-02 2.27104e-02 2.14585e-02 2.40724e-02 1.09506e-02 1.86133e-02 1.79640e-02 1.72330e-02 1.32411e-02 1.88269e-02 1.23328e-02 1.17916e-02 1.72333e-02 1.71816e-02 2.05627e-02 1.22965e-02 1.41171e-02 1.48765e-02 2.11778e-02 1.70947e-02 1.88389e-02 2.76329e-02 2.08745e-02 1.75361e-02 1.59471e-02 2.29190e-02 3.05649e-02 4.67482e-02 3.04509e-02 3.57058e-02 3.66003e-02 1.85990e-02 2.61500e-02 2.73187e-02 1.69176e-02 1.70663e-02 1.26912e-02 1.82511e-02 2.54930e-02 2.14192e-02 1.97254e-02 1.38647e-02 2.34401e-02 2.31341e-02 2.38415e-02 1.57384e-02 1.71124e-02 1.77930e-02 2.67311e-02 1.41062e-02 2.38396e-02 1.53389e-02 8.92030e-03 
7.48440e-02 9.80226e-02 9.77304e-02 9.64035e-02 7.58389e-02 8.35820e-02 9.83545e-02 1.17804e-01 9.10586e-02 1.32216e-01 1.34175e-01 1.80517e-01 3.16052e-01 1.00000e+00 2.47748e-01 1.33684e-01 1.05567e-01 9.35054e-02 9.27135e-02 7.75200e-02 6.83276e-02 5.84744e-02 6.57204e-02 4.68207e-02 4.75429e-02 4.24936e-02 4.93972e-02 2.97340e-02 3.38165e-02 5.14289e-02 3.61540e-02 2.47729e-02 2.20185e-02 2.16124e-02 2.70678e-02 2.28103e-02 2.18929e-02 1.71614e-02 1.98188e-02 2.17496e-02 1.26423e-02 1.93399e-02 1.86652e-02 1.93979e-02 1.71974e-02 1.95618e-02 1.99332e-02 1.36132e-02 2.53669e-02 2.04026e-02 1.95849e-02 1.04535e-02 1.86685e-02 1.90243e-02 1.68269e-02 1.52246e-02 1.95742e-02 1.80777e-02 2.39724e-02 2.27757e-02 3.59007e-02 3.24732e-02 5.41062e-02 3.93210e-02 4.21861e-02 3.70995e-02 2.53527e-02 1.79446e-02 3.00309e-02 2.56817e-02 3.03620e-02 3.01453e-02 1.05493e-02 1.89635e-02 1.63974e-02 1.36004e-02 1.57656e-02 1.62066e-02 4.87102e-03 1.96667e-02 2.47721e-02 1.38370e-02 2.07438e-02 1.95751e-02 2.11616e-02 2.11710e-02 2.12316e-02 1.71636e-02 1.08132e-02 
4.47800e-02 5.80866e-02 7.30422e-02 5.04936e-02 4.80361e-02 7.20280e-02 7.11109e-02 7.18523e-02 7.37628e-02 7.54353e-02 7.85390e-02 8.80547e-02 1.25906e-01 2.47748e-01 1.00000e+00 4.42835e-01 2.22536e-01 1.93666e-01 1.50107e-01 1.31520e-01 8.64640e-02 5.27565e-02 6.04551e-02 5.49610e-02 4.97795e-02 5.10841e-02 5.71064e-02 5.03157e-02 4.05337e-02 4.59722e-02 4.20609e-02 3.15103e-02 3.22571e-02 2.68197e-02 2.69916e-02 2.12297e-02 2.71678e-02 2.66203e-02 2.49782e-02 2.69900e-02 3.13767e-02 2.37497e-02 2.21406e-02 2.19885e-02 2.13410e-02 2.10721e-02 1.98771e-02 2.00607e-02 8.10116e-03 2.17580e-02 1.51898e-02 2.16202e-02 2.58555e-02 1.56772e-02 1.60625e-02 2.55840e-02 2.22662e-02 2.96911e-02 2.30195e-02 3.17962e-02 3.85534e-02 4.36554e-02 4.47009e-02 3.85696e-02 2.80449e-02 2.87739e-02 2.58080e-02 2.78353e-02 2.55098e-02 2.41118e-02 2.72665e-02 2.20050e-02 2.55685e-02 1.06966e-02 2.34787e-02 1.72609e-02 1.22276e-02 8.37976e-03 2.26674e-02 1.01688e-02 1.58224e-02 1.65855e-02 1.45564e-02 2.19298e-02 2.25674e-02 1.51569e-02 2.28708e-02 1.61644e-02 7.18854e-03 
3.57971e-02 5.07024e-02 3.56950e-02 5.23964e-02 5.60720e-02 5.82990e-02 4.60453e-02 5.36095e-02 5.41986e-02 5.46967e-02 5.93310e-02 7.12709e-02 8.05637e-02 1.33684e-01 4.42835e-01 1.00000e+00 4.48599e-01 2.76595e-01 1.59084e-01 1.13548e-01 8.32777e-02 7.19170e-02 5.24499e-02 6.46093e-02 6.36700e-02 4.71269e-02 4.36861e-02 3.92168e-02 3.77396e-02 4.15872e-02 2.56056e-02 2.57116e-02 2.76445e-02 2.05017e-02 2.67016e-02 2.54565e-02 2.93192e-02 3.05239e-02 2.28091e-02 2.36660e-02 1.69307e-02 2.02346e-02 1.83799e-02 1.37383e-02 1.58338e-02 1.81927e-02 2.14512e-02 1.82310e-02 1.49875e-02 1.70771e-02 1.56476e-02 1.84715e-02 3.01352e-02 1.59235e-02 1.95013e-02 1.06192e-02 1.63838e-02 2.67020e-02 3.15308e-02 2.28761e-02 2.77377e-02 3.26164e-02 3.64268e-02 3.19439e-02 3.65711e-02 2.53021e-02 3.18305e-02 3.00396e-02 2.39391e-02 2.03644e-02 1.20378e-02 3.71056e-02 2.53858e-02 8.65779e-03 1.68920e-02 1.75929e-02 2.90311e-02 1.50723e-02 1.22312e-02 9.14510e-03 1.95147e-02 1.78989e-02 1.57091e-02 1.91152e-02 1.43913e-02 1.36310e-02 2.17201e-02 1.84706e-02 1.55156e-02 
4.26560e-02 4.89329e-02 4.99456e-02 5.22190e-02 5.73033e-02 3.99975e-02 5.29029e-02 6.11851e-02 4.77036e-02 6.06297e-02 7.00105e-02 5.97061e-02 6.90367e-02 1.05567e-01 2.22536e-01 4.48599e-01 1.00000e+00 4.81718e-01 1.84942e-01 1.05432e-01 9.67343e-02 7.46600e-02 5.40462e-02 4.58949e-02 4.84961e-02 4.71985e-02 2.95776e-02 3.51299e-02 4.18116e-02 3.87276e-02 2.52163e-02 1.88680e-02 1.88553e-02 1.95962e-02 2.89253e-02 1.93035e-02 1.98505e-02 2.91758e-02 2.47086e-02 1.97206e-02 1.49018e-02 2.19196e-02 1.49329e-02 2.30000e-02 1.24745e-02 1.87223e-02 2.19466e-02 1.60462e-02 1.35297e-02 1.15620e-02 2.17937e-02 2.10629e-02 1.81360e-02 1.72495e-02 1.99517e-02 1.84057e-02 2.12978e-02 1.54270e-02 2.48412e-02 2.75347e-02 1.87798e-02 3.14067e-02 2.98618e-02 3.98472e-02 3.00540e-02 3.98679e-02 2.44243e-02 3.00380e-02 2.59327e-02 2.32859e-02 2.31828e-02 2.25096e-02 2.51086e-02 1.25050e-02 2.05861e-02 1.79370e-02 2.00128e-02 1.30620e-02 1.76664e-02 1.78320e-02 1.05699e-02 3.07951e-02 2.05999e-02 7.88841e-03 1.79882e-02 1.47661e-02 2.67374e-02 1.00044e-02 1.12051e-02 
3.65333e-02 5.09611e-02 4.04768e-02 4.27792e-02 5.75851e-02 4.46235e-02 5.69603e-02 5.94342e-02 5.04157e-02 6.59906e-02 5.76678e-02 6.30384e-02 8.69247e-02 9.35054e-02 1.93666e-01 2.76595e-01 4.81718e-01 1.00000e+00 3.43191e-01 1.71296e-01 1.14345e-01 7.81532e-02 7.50706e-02 5.94523e-02 4.82269e-02 6.20106e-02 5.63942e-02 3.33528e-02 3.64732e-02 4.21942e-02 3.86044e-02 3.73855e-02 2.52524e-02 1.64104e-02 1.99564e-02 2.48976e-02 1.97403e-02 2.44327e-02 1.76350e-02 2.16755e-02 2.15987e-02 2.52397e-02 2.03211e-02 2.23059e-02 2.81566e-02 2.16613e-02 1.82436e-02 2.22883e-02 2.01818e-02 2.26931e-02 1.77437e-02 1.65363e-02 1.61369e-02 2.28529e-02 1.84281e-02 3.16098e-02 1.57918e-02 2.27093e-02 2.84413e-02 2.81024e-02 2.85047e-02 3.31330e-02 2.93053e-02 3.29302e-02 3.00302e-02 3.42343e-02 2.81989e-02 2.06348e-02 1.83236e-02 2.50169e-02 3.18510e-02 2.52458e-02 1.78351e-02 1.84080e-02 2.51408e-02 1.58424e-02 1.90787e-02 2.17915e-02 2.42721e-02 1.71108e-02 1.76340e-02 1.79088e-02 1.75791e-02 2.09018e-02 2.16543e-02 2.66634e-02 1.84723e-02 1.57087e-02 1.53948e-02 
5.31284e-02 4.10455e-02 5.10454e-02 4.37424e-02 5.20121e-02 4.14597e-02 6.47143e-02 5.32799e-02 3.92768e-02 4.71966e-02 5.40524e-02 5.55329e-02 5.01921e-02 9.27135e-02 1.50107e-01 1.59084e-01 1.84942e-01 3.43191e-01 1.00000e+00 3.44821e-01 1.61011e-01 1.15816e-01 8.78115e-02 6.58261e-02 7.01337e-02 5.93859e-02 5.42719e-02 4.82699e-02 4.69413e-02 4.46670e-02 5.61402e-02 3.15435e-02 2.56429e-02 2.46106e-02 3.15233e-02 2.47940e-02 3.28623e-02 2.49828e-02 3.46216e-02 2.70184e-02 2.25758e-02 2.00208e-02 2.64262e-02 1.85361e-02 2.00282e-02 2.02505e-02 1.87926e-02 2.32526e-02 1.39023e-02 2.37610e-02 1.38234e-02 1.26251e-02 2.27768e-02 2.03095e-02 2.41191e-02 2.06858e-02 2.33028e-02 2.80711e-02 3.01341e-02 2.35775e-02 3.10896e-02 4.95842e-02 5.29670e-02 5.56705e-02 3.74325e-02 3.09378e-02 2.58351e-02 2.35777e-02 2.55367e-02 2.83349e-02 3.10173e-02 2.20281e-02 1.84287e-02 2.54313e-02 1.66483e-02 2.01589e-02 1.95848e-02 1.25829e-02 1.13456e-02 1.69659e-02 3.05468e-02 2.14862e-02 1.68725e-02 1.94199e-02 1.43762e-02 3.28745e-02 2.38107e-02 9.51847e-03 1.07941e-02 
4.39592e-02 5.24320e-02 5.38310e-02 5.41838e-02 5.88053e-02 5.52638e-02 5.41092e-02 5.44483e-02 6.78700e-02 3.78180e-02 5.20422e-02 4.91348e-02 7.14991e-02 7.75200e-02 1.31520e-01 1.13548e-01 1.05432e-01 1.71296e-01 3.44821e-01 1.00000e+00 3.99466e-01 1.54938e-01 1.20715e-01 9.03623e-02 9.25903e-02 8.85037e-02 6.75629e-02 6.04420e-02 4.76751e-02 6.31884e-02 6.92068e-02 3.10916e-02 4.63224e-02 2.80602e-02 2.82401e-02 2.79702e-02 3.00036e-02 3.24936e-02 1.34018e-02 3.05917e-02 3.28281e-02 4.53371e-02 2.13828e-02 2.26020e-02 1.48854e-02 2.58683e-02 1.84858e-02 2.94577e-02 1.77590e-02 1.37966e-02 2.40794e-02 2.01069e-02 1.73129e-02 2.05833e-02 2.80091e-02 3.29445e-02 2.68259e-02 2.87634e-02 2.96422e-02 4.27131e-02 4.63126e-02 6.67553e-02 3.94511e-02 5.25536e-02 3.74927e-02 3.12199e-02 2.22871e-02 2.68826e-02 3.55864e-02 2.33991e-02 1.90185e-02 2.30228e-02 1.56940e-02 1.30567e-02 2.04706e-02 2.54168e-02 1.02346e-02 1.16898e-02 1.93241e-02 1.18213e-02 2.20724e-02 9.52695e-03 2.24438e-02 2.11793e-02 1.57408e-02 2.11440e-02 2.80763e-02 1.19379e-02 1.16994e-02 
2.57594e-02 5.48383e-02 5.99339e-02 5.52995e-02 5.48139e-02 4.66130e-02 4.01624e-02 5.69472e-02 5.85015e-02 4.88180e-02 4.67604e-02 4.19407e-02 5.53774e-02 6.83276e-02 8.64640e-02 8.32777e-02 9.67343e-02 1.14345e-01 1.61011e-01 3.99466e-01 1.00000e+00 3.95801e-01 2.23388e-01 1.40240e-01 1.20269e-01 8.36076e-02 6.28727e-02 5.71641e-02 5.59603e-02 5.32017e-02 6.14189e-02 4.53596e-02 3.24180e-02 2.08276e-02 2.71718e-02 2.68670e-02 2.46143e-02 3.61774e-02 3.58109e-02 2.44532e-02 2.84276e-02 1.81200e-02 2.11618e-02 3.23542e-02 1.79541e-02 2.18189e-02 2.17250e-02 1.96784e-02 2.27682e-02 3.48177e-02 1.93027e-02 2.98486e-02 2.57009e-02 2.10072e-02 2.80660e-02 2.85285e-02 3.66790e-02 3.41593e-02 3.20861e-02 2.68262e-02 4.10287e-02 5.82418e-02 6.23433e-02 5.75829e-02 5.80776e-02 3.42076e-02 3.30852e-02 3.54730e-02 2.87108e-02 4.01632e-02 2.30996e-02 2.99051e-02 2.11797e-02 1.79981e-02 1.92461e-02 1.39010e-02 3.16525e-02 3.47070e-02 2.08629e-02 1.40390e-02 2.22343e-02 1.61631e-02 1.90387e-02 1.74669e-02 2.33672e-02 1.70019e-02 2.17868e-02 1.18145e-02 1.11650e-02 
4.10303e-02 5.37119e-02 7.67124e-02 4.30403e-02 4.14314e-02 5.56848e-02 3.46514e-02 4.93768e-02 4.04439e-02 4.00943e-02 3.33951e-02 3.17683e-02 5.16836e-02 5.84744e-02 5.27565e-02 7.19170e-02 7.46600e-02 7.81532e-02 1.15816e-01 1.54938e-01 3.95801e-01 1.00000e+00 3.76346e-01 2.10428e-01 1.52988e-01 9.34245e-02 6.33359e-02 7.49166e-02 5.32517e-02 6.20226e-02 4.22446e-02 3.40652e-02 2.64049e-02 3.45571e-02 3.32329e-02 2.67465e-02 2.68377e-02 2.91552e-02 1.98058e-02 2.26048e-02 4.14396e-02 2.83466e-02 1.84335e-02 2.26657e-02 1.78736e-02 1.65080e-02 2.27659e-02 2.17669e-02 2.14731e-02 1.63114e-02 2.41981e-02 3.62149e-02 2.13214e-02 2.09130e-02 2.89750e-02 2.73863e-02 3.12982e-02 2.38043e-02 3.55927e-02 4.00589e-02 3.42213e-02 4.24038e-02 6.01831e-02 7.39674e-02 5.78172e-02 5.16306e-02 4.81384e-02 4.52460e-02 4.23014e-02 3.02575e-02 2.17185e-02 2.97711e-02 2.21390e-02 2.34304e-02 2.11766e-02 2.07579e-02 2.26876e-02 2.87928e-02 1.68751e-02 2.27111e-02 1.16498e-02 2.01133e-02 1.89533e-02 2.17358e-02 2.64346e-02 2.73415e-02 3.30053e-02 1.66622e-02 1.11149e-02 
4.16015e-02 5.75139e-02 5.82215e-02 4.74319e-02 5.30629e-02 3.09044e-02 3.58450e-02 4.09882e-02 3.31509e-02 4.04579e-02 3.88823e-02 4.30120e-02 5.00127e-02 6.57204e-02 6.04551e-02 5.24499e-02 5.40462e-02 7.50706e-02 8.78115e-02 1.20715e-01 2.23388e-01 3.76346e-01 1.00000e+00 3.65386e-01 2.15410e-01 1.12038e-01 8.39799e-02 6.45809e-02 6.19061e-02 6.33695e-02 3.98665e-02 3.75410e-02 2.63028e-02 2.95058e-02 3.66237e-02 2.33559e-02 4.03499e-02 2.41613e-02 3.80491e-02 3.34049e-02 2.97729e-02 2.97038e-02 2.36086e-02 3.20846e-02 2.11306e-02 2.00298e-02 1.89522e-02 2.23022e-02 2.44458e-02 2.74190e-02 2.82570e-02 2.25964e-02 3.82302e-02 3.40889e-02 2.25308e-02 2.85794e-02 1.73701e-02 3.04872e-02 3.85720e-02 4.35316e-02 5.08978e-02 5.87416e-02 5.78092e-02 7.69706e-02 6.01648e-02 4.92424e-02 5.51631e-02 4.66414e-02 3.95347e-02 1.93760e-02 5.07229e-02 3.63134e-02 2.56539e-02 3.17735e-02 3.48709e-02 2.40536e-02 1.61428e-02 2.02819e-02 2.82627e-02 2.90870e-02 1.34283e-02 1.28800e-02 2.42743e-02 2.89515e-02 2.16678e-02 3.66849e-02 3.62325e-02 2.38506e-02 1.58170e-02 
3.80696e-02 6.34915e-02 4.21789e-02 6.04989e-02 4.39335e-02 4.13333e-02 3.95704e-02 4.55715e-02 3.94554e-02 5.41107e-02 4.72158e-02 3.27244e-02 3.41008e-02 4.68207e-02 5.49610e-02 6.46093e-02 4.58949e-02 5.94523e-02 6.58261e-02 9.03623e-02 1.40240e-01 2.10428e-01 3.65386e-01 1.00000e+00 4.36299e-01 1.53103e-01 1.03507e-01 8.93709e-02 7.12360e-02 7.02020e-02 4.47958e-02 2.94020e-02 3.31846e-02 4.03084e-02 2.95031e-02 3.22293e-02 3.71197e-02 2.18230e-02 1.05009e-02 3.68768e-02 2.57222e-02 2.73258e-02 3.63011e-02 3.41543e-02 3.49901e-02 2.57968e-02 2.29337e-02 2.07732e-02 2.15049e-02 2.16205e-02 3.16970e-02 1.77240e-02 2.93918e-02 3.42719e-02 3.51141e-02 3.54935e-02 3.87197e-02 3.78628e-02 2.80647e-02 3.99037e-02 5.26760e-02 7.34115e-02 7.77776e-02 6.86300e-02 6.25861e-02 5.94080e-02 4.97022e-02 4.21274e-02 4.00067e-02 3.20848e-02 2.98037e-02 3.90854e-02 2.90655e-02 2.92299e-02 2.56634e-02 1.88670e-02 4.00962e-02 2.90050e-02 1.78942e-02 2.03776e-02 1.60593e-02 1.49296e-02 1.92605e-02 2.02826e-02 2.91522e-02 1.79478e-02 1.79992e-02 2.28651e-02 1.96436e-02 
3.57576e-02 4.91116e-02 4.95216e-02 4.38647e-02 3.42200e-02 3.69744e-02 3.05302e-02 3.27859e-02 2.09465e-02 3.99335e-02 4.23325e-02 2.89289e-02 3.88933e-02 4.75429e-02 4.97795e-02 6.36700e-02 4.84961e-02 4.82269e-02 7.01337e-02 9.25903e-02 1.20269e-01 1.52988e-01 2.15410e-01 4.36299e-01 1.00000e+00 3.72200e-01 1.45460e-01 1.04750e-01 9.79167e-02 8.46789e-02 6.86491e-02 5.04984e-02 3.21432e-02 4.47441e-02 4.31065e-02 3.26937e-02 4.30005e-02 4.61196e-02 4.33980e-02 3.98327e-02 4.42934e-02 2.95162e-02 3.67193e-02 2.85156e-02 2.87570e-02 2.68262e-02 3.40119e-02 3.36034e-02 1.66344e-02 3.45227e-02 3.40251e-02 3.32952e-02 3.39775e-02 2.55630e-02 3.60736e-02 4.64710e-02 3.94854e-02 3.04829e-02 4.09039e-02 4.47345e-02 4.28800e-02 8.87771e-02 9.64688e-02 1.11427e-01 7.79803e-02 6.45530e-02 4.92072e-02 5.05603e-02 3.75771e-02 3.22888e-02 5.08975e-02 2.96517e-02 2.94003e-02 2.60820e-02 2.20961e-02 2.65818e-02 1.00430e-02 1.14709e-02 2.06861e-02 2.26200e-02 2.66871e-02 1.10180e-02 2.28101e-02 2.59784e-02 2.63286e-02 2.20449e-02 2.62983e-02 2.34288e-02 2.09106e-02 
3.65257e-02 5.64374e-02 5.18500e-02 4.09881e-02 3.77823e-02 2.47856e-02 3.44063e-02 2.93039e-02 4.75248e-02 2.16317e-02 2.70261e-02 2.98966e-02 4.29420e-02 4.24936e-02 5.10841e-02 4.71269e-02 4.71985e-02 6.20106e-02 5.93859e-02 8.85037e-02 8.36076e-02 9.34245e-02 1.12038e-01 1.53103e-01 3.72200e-01 1.00000e+00 3.42937e-01 1.46209e-01 1.36381e-01 1.22834e-01 9.79753e-02 5.14824e-02 5.74589e-02 5.43482e-02 5.36645e-02 5.41138e-02 5.19374e-02 5.80155e-02 2.82101e-02 4.72118e-02 4.40880e-02 4.24398e-02 3.82894e-02 3.71687e-02 4.52859e-02 3.40320e-02 3.14130e-02 4.26296e-02 3.18594e-02 3.99316e-02 3.48465e-02 3.88521e-02 3.70121e-02 4.14651e-02 3.96121e-02 2.61855e-02 4.08643e-02 3.40568e-02 4.87463e-02 5.29511e-02 6.19111e-02 9.09042e-02 1.01291e-01 8.39544e-02 7.39875e-02 5.67192e-02 5.63860e-02 3.92961e-02 3.15507e-02 3.17455e-02 2.95698e-02 2.65025e-02 2.81548e-02 2.20850e-02 3.05217e-02 2.02389e-02 1.90747e-02 1.40974e-02 1.27113e-02 2.33281e-02 2.07416e-02 1.70098e-02 1.75755e-02 2.24454e-02 2.54150e-02 2.89759e-02 2.77027e-02 2.00681e-02 1.53916e-02 
3.07099e-02 4.19495e-02 3.77231e-02 3.36149e-02 2.60445e-02 4.63897e-02 2.28995e-02 3.28506e-02 3.28506e-02 2.75184e-02 2.21301e-02 2.83558e-02 3.40863e-02 4.93972e-02 5.71064e-02 4.36861e-02 2.95776e-02 5.63942e-02 5.42719e-02 6.75629e-02 6.28727e-02 6.33359e-02 8.39799e-02 1.03507e-01 1.45460e-01 3.42937e-01 1.00000e+00 3.66816e-01 2.62977e-01 1.85053e-01 1.18082e-01 6.43476e-02 5.27018e-02 5.66778e-02 5.07031e-02 4.46271e-02 6.56154e-02 5.22381e-02 3.55775e-02 5.50007e-02 5.36780e-02 5.23284e-02 4.18192e-02 3.54042e-02 4.72473e-02 3.66431e-02 3.11156e-02 3.40002e-02 3.54048e-02 3.82180e-02 4.11331e-02 3.98880e-02 3.74675e-02 3.11816e-02 3.96021e-02 3.08951e-02 4.88883e-02 5.51103e-02 3.84899e-02 6.25728e-02 6.38003e-02 8.78634e-02 7.34430e-02 6.42682e-02 5.08003e-02 3.60342e-02 3.16603e-02 2.15473e-02 2.50016e-02 2.36314e-02 2.69402e-02 3.21092e-02 2.71712e-02 2.47580e-02 2.20522e-02 1.54401e-02 1.37816e-02 1.23681e-02 2.02763e-02 1.63731e-02 2.00169e-02 1.96358e-02 1.91202e-02 1.90130e-02 1.56907e-02 1.52528e-02 2.28314e-02 1.14824e-02 1.44681e-02 
2.71071e-02 3.72305e-02 3.43235e-02 2.72069e-02 2.59415e-02 3.36354e-02 3.72322e-02 2.48543e-02 2.32079e-02 2.93554e-02 1.75738e-02 1.78184e-02 2.94842e-02 2.97340e-02 5.03157e-02 3.92168e-02 3.51299e-02 3.33528e-02 4.82699e-02 6.04420e-02 5.71641e-02 7.49166e-02 6.45809e-02 8.93709e-02 1.04750e-01 1.46209e-01 3.66816e-01 1.00000e+00 4.15061e-01 2.14679e-01 1.13316e-01 6.81894e-02 6.42406e-02 5.30537e-02 5.25184e-02 6.05840e-02 4.49321e-02 6.47451e-02 4.33670e-02 5.25154e-02 5.72351e-02 5.44798e-02 4.70563e-02 3.42270e-02 4.25620e-02 3.54247e-02 3.09404e-02 3.86219e-02 2.79225e-02 3.15590e-02 3.65411e-02 4.34695e-02 3.54168e-02 3.44512e-02 2.81280e-02 3.59946e-02 3.38716e-02 4.49331e-02 4.20336e-02 5.95756e-02 6.58463e-02 6.59933e-02 7.59710e-02 5.86407e-02 5.27489e-02 3.89831e-02 3.53899e-02 2.83299e-02 3.02128e-02 2.20297e-02 2.12214e-02 2.35487e-02 2.62677e-02 1.87315e-02 1.21822e-02 1.94048e-02 1.33234e-02 1.08699e-02 1.86220e-02 1.31906e-02 1.49533e-02 1.82236e-02 2.20620e-02 1.83808e-02 1.51690e-02 1.57287e-02 1.49522e-02 1.33207e-02 9.32465e-03 
2.49567e-02 3.62934e-02 3.90361e-02 3.78185e-02 2.95032e-02 2.70963e-02 2.63221e-02 3.76891e-02 2.77836e-02 3.44292e-02 2.69387e-02 2.33826e-02 2.16974e-02 3.38165e-02 4.05337e-02 3.77396e-02 4.18116e-02 3.64732e-02 4.69413e-02 4.76751e-02 5.59603e-02 5.32517e-02 6.19061e-02 7.12360e-02 9.79167e-02 1.36381e-01 2.62977e-01 4.15061e-01 1.00000e+00 3.84783e-01 1.55604e-01 7.55111e-02 6.13039e-02 6.03380e-02 6.96841e-02 5.53306e-02 7.21430e-02 6.47985e-02 3.74162e-02 5.59930e-02 4.07919e-02 6.08535e-02 4.59795e-02 4.81458e-02 5.19477e-02 3.80502e-02 3.42111e-02 3.73827e-02 3.38051e-02 3.58921e-02 4.03359e-02 3.90719e-02 3.29560e-02 3.51000e-02 4.17647e-02 4.79046e-02 5.46478e-02 4.81823e-02 4.31027e-02 6.25435e-02 7.48871e-02 8.62009e-02 8.39794e-02 5.71647e-02 4.13734e-02 3.30158e-02 2.71953e-02 2.93767e-02 1.86532e-02 1.85588e-02 1.75528e-02 1.82604e-02 2.08215e-02 1.89364e-02 1.73186e-02 1.69762e-02 1.73173e-02 1.11261e-02 1.44908e-02 1.50017e-02 2.00075e-02 2.15893e-02 1.69535e-02 1.79181e-02 1.27118e-02 2.01243e-02 1.53856e-02 1.43080e-02 8.48395e-03 
2.62240e-02 3.66607e-02 4.25442e-02 4.16742e-02 3.54301e-02 2.98279e-02 3.40722e-02 3.20594e-02 1.89068e-02 3.10614e-02 2.06972e-02 2.78459e-02 2.01343e-02 5.14289e-02 4.59722e-02 4.15872e-02 3.87276e-02 4.21942e-02 4.46670e-02 6.31884e-02 5.32017e-02 6.20226e-02 6.33695e-02 7.02020e-02 8.46789e-02 1.22834e-01 1.85053e-01 2.14679e-01 3.84783e-01 1.00000e+00 3.81655e-01 1.02424e-01 7.57202e-02 6.56290e-02 6.32270e-02 6.66026e-02 7.75610e-02 8.26792e-02 5.06343e-02 6.16005e-02 6.27532e-02 6.11753e-02 3.97527e-02 4.53111e-02 4.61968e-02 4.69634e-02 2.82695e-02 3.81586e-02 3.57266e-02 3.72328e-02 3.69102e-02 2.71312e-02 4.90583e-02 4.99932e-02 4.91320e-02 4.37126e-02 4.57230e-02 5.15420e-02 4.79971e-02 6.73883e-02 8.62787e-02 1.03666e-01 1.05092e-01 5.60549e-02 3.78329e-02 3.77131e-02 2.96104e-02 2.57948e-02 2.08775e-02 2.52587e-02 2.33296e-02 2.69236e-02 2.69520e-02 1.81213e-02 1.17853e-02 1.29964e-02 1.74926e-02 1.57736e-02 1.13781e-02 1.02087e-02 1.27642e-02 1.32224e-02 1.67285e-02 1.77819e-02 1.93089e-02 1.23632e-02 1.51539e-02 8.59114e-03 8.11878e-03 
1.59366e-02 3.18065e-02 3.14513e-02 3.03245e-02 2.59049e-02 3.67686e-02 1.86355e-02 2.45059e-02 2.63909e-02 1.69888e-02 1.41502e-02 2.00952e-02 1.47213e-02 3.61540e-02 4.20609e-02 2.56056e-02 2.52163e-02 3.86044e-02 5.61402e-02 6.92068e-02 6.14189e-02 4.22446e-02 3.98665e-02 4.47958e-02 6.86491e-02 9.79753e-02 1.18082e-01 1.13316e-01 1.55604e-01 3.81655e-01 1.00000e+00 3.53553e-01 1.56118e-01 1.15432e-01 1.16172e-01 1.20414e-01 1.38685e-01 1.35890e-01 7.15429e-02 7.19281e-02 7.30191e-02 6.00553e-02 5.72784e-02 4.72615e-02 7.20932e-02 7.18809e-02 3.71386e-02 3.67770e-02 5.00425e-02 5.22680e-02 3.98068e-02 3.89528e-02 4.59623e-02 4.54140e-02 4.58208e-02 5.79133e-02 4.74106e-02 4.65596e-02 5.31716e-02 7.49677e-02 1.01619e-01 1.17980e-01 9.86166e-02 6.24872e-02 2.52640e-02 3.58410e-02 1.91896e-02 1.54309e-02 2.53116e-02 1.51102e-02 1.04206e-02 1.98230e-02 1.35128e-02 8.02998e-03 1.41004e-02 1.84288e-02 1.61556e-02 1.67752e-02 1.21006e-02 1.83210e-02 1.49322e-02 1.75775e-02 1.74840e-02 1.62095e-02 1.35531e-02 1.21369e-02 1.20871e-02 7.99458e-03 4.31715e-03 
5.67834e-03 1.97411e-02 2.12330e-02 2.24408e-02 2.68512e-02 2.62018e-02 1.43866e-02 2.35374e-02 2.01499e-02 2.01774e-02 1.93270e-02 2.41182e-02 1.52591e-02 2.47729e-02 3.15103e-02 2.57116e-02 1.88680e-02 3.73855e-02 3.15435e-02 3.10916e-02 4.53596e-02 3.40652e-02 3.75410e-02 2.94020e-02 5.04984e-02 5.14824e-02 6.43476e-02 6.81894e-02 7.55111e-02 1.02424e-01 3.53553e-01 1.00000e+00 5.27027e-01 3.09905e-01 2.29747e-01 1.73636e-01 1.64715e-01 9.68375e-02 8.55190e-02 9.67385e-02 8.72836e-02 6.63342e-02 8.38214e-02 5.15094e-02 5.02330e-02 4.83375e-02 5.57665e-02 4.60897e-02 4.35856e-02 4.40191e-02 4.90511e-02 4.47218e-02 4.60317e-02 3.70987e-02 4.12453e-02 4.71656e-02 3.46518e-02 4.30621e-02 4.62269e-02 5.74550e-02 6.96652e-02 7.68882e-02 7.65223e-02 3.83873e-02 2.50048e-02 3.01017e-02 2.20900e-02 1.64944e-02 2.08854e-02 1.61516e-02 9.54754e-03 1.17718e-02 1.22556e-02 1.03001e-02 1.75843e-02 9.84949e-03 1.25593e-02 9.56339e-03 1.29346e-02 1.01545e-02 1.16083e-02 8.35066e-03 1.57381e-02 1.22730e-02 1.22922e-02 1.40545e-02 2.11420e-02 9.76637e-03 8.20390e-03 
1.92767e-02 2.07594e-02 2.32990e-02 2.05202e-02 1.86451e-02 2.47346e-02 1.09291e-02 1.78085e-02 2.15577e-02 1.36996e-02 9.33592e-03 1.67473e-02 1.88367e-02 2.20185e-02 3.22571e-02 2.76445e-02 1.88553e-02 2.52524e-02 2.56429e-02 4.63224e-02 3.24180e-02 2.64049e-02 2.63028e-02 3.31846e-02 3.21432e-02 5.74589e-02 5.27018e-02 6.42406e-02 6.13039e-02 7.57202e-02 1.56118e-01 5.27027e-01 1.00000e+00 4.29796e-01 3.08173e-01 2.33041e-01 1.56687e-01 1.07236e-01 7.91775e-02 9.17931e-02 6.63066e-02 5.94341e-02 6.02851e-02 5.13583e-02 7.75134e-02 5.07648e-02 3.15038e-02 4.12775e-02 4.89135e-02 4.80700e-02 3.57474e-02 4.18814e-02 5.57317e-02 4.09249e-02 4.24299e-02 5.82241e-02 4.17069e-02 6.01302e-02 5.14523e-02 3.35966e-02 6.33677e-02 6.29814e-02 4.62680e-02 3.22236e-02 2.22246e-02 1.91427e-02 1.16868e-02 1.47057e-02 1.75788e-02 1.55078e-02 1.17861e-02 1.59850e-02 1.83710e-02 1.27151e-02 1.13704e-02 1.21588e-02 1.42120e-02 8.85423e-03 2.26203e-02 8.95384e-03 1.07475e-02 1.44320e-02 1.69996e-02 1.06945e-02 1.08387e-02 8.00755e-03 1.44995e-02 5.02342e-03 1.01274e-02 
2.47694e-02 1.48837e-02 2.40127e-02 1.93360e-02 2.19614e-02 2.24107e-02 2.09185e-02 1.43520e-02 2.92985e-02 1.17354e-02 2.32147e-02 1.09589e-02 1.24803e-02 2.16124e-02 2.68197e-02 2.05017e-02 1.95962e-02 1.64104e-02 2.46106e-02 2.80602e-02 2.08276e-02 3.45571e-02 2.95058e-02 4.03084e-02 4.47441e-02 5.43482e-02 5.66778e-02 5.30537e-02 6.03380e-02 6.56290e-02 1.15432e-01 3.09905e-01 4.29796e-01 1.00000e+00 4.88025e-01 2.30455e-01 1.81739e-01 1.01462e-01 7.65213e-02 8.81754e-02 7.56596e-02 6.84497e-02 6.78282e-02 6.33737e-02 5.47802e-02 5.03529e-02 3.43586e-02 4.99333e-02 5.04118e-02 3.56952e-02 3.95277e-02 4.37249e-02 5.53472e-02 3.44315e-02 4.24801e-02 4.40872e-02 4.66059e-02 4.51639e-02 4.62793e-02 4.10378e-02 8.13028e-02 5.64213e-02 6.01743e-02 2.45592e-02 3.05405e-02 2.52002e-02 2.44720e-02 2.13185e-02 1.65644e-02 1.17425e-02 1.23399e-02 2.22515e-02 1.14557e-02 1.16485e-02 1.58278e-02 9.54764e-03 1.82616e-02 1.04291e-02 9.40363e-03 8.43713e-03 1.54722e-02 1.33563e-02 9.53486e-03 9.44754e-03 7.65993e-03 1.10038e-02 1.48013e-02 7.10030e-03 1.04376e-02 
1.80037e-02 1.92588e-02 1.95634e-02 8.91916e-03 1.80091e-02 2.70653e-02 2.15924e-02 1.92587e-02 1.04840e-02 1.08264e-02 1.31164e-02 1.76466e-02 1.20951e-02 2.70678e-02 2.69916e-02 2.67016e-02 2.89253e-02 1.99564e-02 3.15233e-02 2.82401e-02 2.71718e-02 3.32329e-02 3.66237e-02 2.95031e-02 4.31065e-02 5.36645e-02 5.07031e-02 5.25184e-02 6.96841e-02 6.32270e-02 1.16172e-01 2.29747e-01 3.08173e-01 4.88025e-01 1.00000e+00 5.04242e-01 2.35364e-01 1.13921e-01 9.94736e-02 1.02826e-01 7.53258e-02 7.61948e-02 6.47076e-02 5.89481e-02 5.79157e-02 5.41948e-02 6.36250e-02 5.28983e-02 4.15543e-02 4.54211e-02 5.53476e-02 4.06201e-02 4.40434e-02 4.08125e-02 4.19141e-02 5.34081e-02 5.57784e-02 5.02742e-02 5.02725e-02 4.62176e-02 6.08090e-02 6.09891e-02 4.64674e-02 3.14575e-02 1.95151e-02 2.93662e-02 2.77074e-02 4.46983e-03 1.66706e-02 1.40062e-02 2.06983e-02 1.60778e-02 1.79342e-02 1.00484e-02 1.30702e-02 1.52140e-02 1.12314e-02 2.09919e-02 1.36701e-02 1.41520e-02 1.88744e-02 1.30346e-02 1.53536e-02 1.19732e-02 1.11353e-02 6.32818e-03 1.45142e-02 1.19097e-02 7.00302e-03 
1.30712e-02 6.73228e-03 1.44821e-02 1.91323e-02 1.41647e-02 1.89223e-02 1.86814e-02 1.98083e-02 2.47380e-02 1.39341e-02 1.93433e-02 2.08194e-02 1.75627e-02 2.28103e-02 2.12297e-02 2.54565e-02 1.93035e-02 2.48976e-02 2.47940e-02 2.79702e-02 2.68670e-02 2.67465e-02 2.33559e-02 3.22293e-02 3.26937e-02 5.41138e-02 4.46271e-02 6.05840e-02 5.53306e-02 6.66026e-02 1.20414e-01 1.73636e-01 2.33041e-01 2.30455e-01 5.04242e-01 1.00000e+00 4.02954e-01 2.07616e-01 1.21144e-01 1.37378e-01 1.01749e-01 7.06018e-02 6.59950e-02 5.92857e-02 6.13206e-02 6.86441e-02 3.62630e-02 4.16061e-02 3.95245e-02 5.06646e-02 5.53226e-02 4.02320e-02 5.29811e-02 5.93552e-02 3.69227e-02 2.97281e-02 4.12125e-02 5.63341e-02 5.00075e-02 5.10469e-02 7.59623e-02 5.51376e-02 4.07421e-02 3.29897e-02 1.68841e-02 1.81979e-02 2.74427e-02 1.82814e-02 1.60257e-02 1.51474e-02 1.46519e-02 1.44522e-02 1.20907e-02 1.22942e-02 1.54201e-02 8.81724e-03 6.42460e-03 9.17263e-03 4.96243e-03 1.55834e-02 1.48453e-02 1.28151e-02 1.40887e-02 1.44029e-02 9.43192e-03 6.63640e-03 6.00834e-03 6.24488e-03 3.14748e-03 
1.88182e-02 1.39999e-02 2.77993e-02 1.59145e-02 1.60669e-02 2.04315e-02 2.11901e-02 2.12483e-02 1.38501e-02 1.33737e-02 1.36146e-02 2.22023e-02 1.68563e-02 2.18929e-02 2.71678e-02 2.93192e-02 1.98505e-02 1.97403e-02 3.28623e-02 3.00036e-02 2.46143e-02 2.68377e-02 4.03499e-02 3.71197e-02 4.30005e-02 5.19374e-02 6.56154e-02 4.49321e-02 7.21430e-02 7.75610e-02 1.38685e-01 1.64715e-01 1.56687e-01 1.81739e-01 2.35364e-01 4.02954e-01 1.00000e+00 5.15993e-01 1.38073e-01 1.55247e-01 1.31033e-01 1.13462e-01 7.72972e-02 7.73274e-02 6.55805e-02 5.84449e-02 5.98638e-02 4.65882e-02 6.27384e-02 4.86269e-02 4.78749e-02 3.74782e-02 4.43310e-02 4.76671e-02 4.42972e-02 4.96216e-02 4.21069e-02 5.71877e-02 5.91582e-02 5.34478e-02 5.80557e-02 7.09129e-02 6.21055e-02 3.16629e-02 2.94637e-02 9.40479e-03 1.54935e-02 1.21473e-02 1.11863e-02 1.98248e-02 1.71876e-02 1.21371e-02 1.28938e-02 1.17997e-02 1.48000e-02 3.62684e-03 9.24931e-03 1.23252e-02 1.74638e-02 1.49566e-02 8.54893e-03 1.35297e-02 1.64197e-02 9.57018e-03 1.42255e-02 1.11466e-02 1.15334e-02 8.39120e-03 1.20836e-02 
