#P_obs N 150 min: 1.93113e-04 max: 6.70065e-01
1.00000e+00 1.92600e-01 1.42822e-01 9.45597e-02 8.05755e-02 6.13707e-02 4.50225e-02 4.03740e-02 3.19101e-02 3.38295e-02 1.36961e-02 2.16587e-02 2.34619e-02 2.33612e-02 2.25023e-02 1.90580e-02 1.98689e-02 1.45081e-02 1.74240e-02 1.53094e-02 1.30781e-02 1.47973e-02 1.15701e-02 1.03574e-02 9.91686e-03 1.18596e-02 1.12912e-02 1.04979e-02 9.18015e-03 7.91820e-03 9.64425e-03 9.35508e-03 7.91127e-03 1.13749e-02 8.42166e-03 6.96513e-03 7.35507e-03 8.93379e-03 5.76597e-03 6.07353e-03 6.08724e-03 4.68777e-03 4.95330e-03 4.06362e-03 4.52097e-03 5.57793e-03 5.21658e-03 4.53771e-03 3.47280e-03 3.74091e-03 3.08826e-03 3.37008e-03 3.45918e-03 2.51622e-03 3.66174e-03 2.34447e-03 3.05484e-03 2.98710e-03 2.78176e-03 2.28387e-03 2.73855e-03 3.60021e-03 2.35369e-03 2.42045e-03 2.81562e-03 2.60652e-03 1.76901e-03 2.60173e-03 1.81538e-03 1.31806e-03 1.93526e-03 8.66079e-04 1.36165e-03 9.35289e-04 2.20223e-04 7.07700e-04 3.61596e-04 7.41792e-04 7.77150e-04 8.67903e-04 7.20621e-04 4.08582e-04 1.21658e-03 3.82464e-04 2.37239e-04 7.41912e-04 1.41134e-03 8.19225e-04 8.28819e-04 1.38676e-03 8.83074e-04 1.15957e-03 5.15817e-04 8.65167e-04 8.97588e-04 4.53333e-04 1.03399e-03 8.41656e-04 9.47574e-04 1.35700e-03 1.79555e-03 3.15849e-03 2.63793e-03 3.13143e-03 2.45265e-03 3.38064e-03 3.02406e-03 2.23483e-03 2.97001e-03 2.89365e-03 2.87934e-03 4.36395e-03 3.46983e-03 2.95968e-03 4.25094e-03 3.98217e-03 5.33832e-03 6.80886e-03 5.24715e-03 6.39645e-03 6.04755e-03 5.90151e-03 6.42453e-03 7.64199e-03 6.38352e-03 7.18158e-03 8.20326e-03 7.11000e-03 6.90471e-03 7.53027e-03 7.90923e-03 6.33447e-03 7.54167e-03 8.63130e-03 6.78606e-03 6.27582e-03 6.09342e-03 6.87483e-03 6.61269e-03 5.92575e-03 6.29268e-03 6.92109e-03 7.41474e-03 7.35270e-03 7.15488e-03 5.79948e-03 6.95616e-03 6.35391e-03 6.93879e-03 7.07217e-03 
1.92600e-01 1.00000e+00 2.23740e-01 1.30544e-01 1.09472e-01 7.78929e-02 5.53239e-02 4.93509e-02 3.72945e-02 3.79110e-02 1.82866e-02 2.33530e-02 2.80790e-02 2.44064e-02 2.68905e-02 2.31664e-02 1.99840e-02 1.80549e-02 1.67257e-02 1.45194e-02 1.52647e-02 1.49711e-02 1.22135e-02 1.17921e-02 1.18928e-02 1.22076e-02 1.18596e-02 1.10680e-02 9.89598e-03 1.02197e-02 9.43395e-03 8.75883e-03 8.53314e-03 9.43005e-03 8.41599e-03 7.96389e-03 7.24830e-03 8.50050e-03 6.32379e-03 9.10503e-03 6.26826e-03 4.99848e-03 4.46148e-03 4.73511e-03 5.01717e-03 4.85937e-03 4.31634e-03 5.31165e-03 3.98601e-03 4.09095e-03 4.82733e-03 4.02237e-03 3.51123e-03 3.43425e-03 3.20679e-03 3.26070e-03 3.44424e-03 2.53799e-03 3.06894e-03 3.42384e-03 3.71448e-03 3.13005e-03 2.09505e-03 2.36297e-03 2.66619e-03 2.59078e-03 2.87136e-03 2.42880e-03 1.95970e-03 1.56430e-03 1.44326e-03 7.70910e-04 7.12953e-04 9.99015e-04 3.26706e-04 7.64919e-04 3.86232e-04 6.60276e-04 4.78905e-04 4.75404e-04 8.98008e-04 3.03069e-04         NaN 3.97176e-04 6.33507e-04 8.80512e-04 6.28128e-04 4.37523e-04 7.00854e-04 1.16176e-03 5.00205e-04 6.35166e-04 4.59135e-04 8.18229e-04 1.01201e-03 1.34506e-03 1.30385e-03 9.98889e-04 6.56013e-04 1.39371e-03 1.59824e-03 2.29079e-03 2.66825e-03 2.92954e-03 2.60297e-03 2.68674e-03 3.25842e-03 2.82111e-03 2.82288e-03 3.24759e-03 3.94299e-03 3.47241e-03 3.95967e-03 3.83193e-03 6.12288e-03 4.30908e-03 5.35731e-03 5.70414e-03 5.49477e-03 7.07199e-03 5.55948e-03 6.76932e-03 1.19570e-02 6.75432e-03 5.23641e-03 6.84903e-03 7.09785e-03 6.53283e-03 6.52743e-03 6.70278e-03 8.16243e-03 7.11510e-03 7.48329e-03 7.52442e-03 7.34214e-03 7.25016e-03 8.67813e-03 7.57272e-03 8.52462e-03 6.11184e-03 7.84170e-03 6.08355e-03 9.89994e-03 6.03342e-03 6.36864e-03 7.27680e-03 6.92022e-03 6.35778e-03 6.65142e-03 6.81243e-03 
1.42822e-01 2.23740e-01 1.00000e+00 2.01033e-01 1.61122e-01 1.07149e-01 7.40631e-02 6.17406e-02 4.67361e-02 4.70748e-02 2.14680e-02 2.70874e-02 3.31809e-02 2.81296e-02 3.09483e-02 2.21950e-02 1.89122e-02 1.98649e-02 2.08428e-02 1.82119e-02 1.57366e-02 1.49522e-02 1.39027e-02 1.27101e-02 1.29086e-02 1.31481e-02 1.27872e-02 1.27932e-02 1.22926e-02 1.23820e-02 1.14123e-02 1.08848e-02 1.11605e-02 9.77502e-03 9.12999e-03 8.25939e-03 9.94680e-03 7.56078e-03 8.01432e-03 8.96619e-03 6.86319e-03 4.99929e-03 5.74764e-03 3.93756e-03 4.94064e-03 5.82552e-03 5.92497e-03 5.01270e-03 5.12682e-03 4.42206e-03 4.54242e-03 4.40412e-03 3.57471e-03 3.41127e-03 3.39603e-03 3.72471e-03 2.92759e-03 3.66564e-03 2.80235e-03 3.37161e-03 2.24042e-03 3.17040e-03 2.81553e-03 2.68282e-03 2.77255e-03 2.83305e-03 2.55393e-03 2.26939e-03 2.27515e-03 2.46471e-03 1.57713e-03 4.04880e-04 1.17950e-03 7.87023e-04 5.66232e-04 5.67156e-04 8.62110e-04 7.28232e-04 7.96482e-04 1.12357e-03 6.06387e-04 5.25270e-04         NaN 7.15191e-04 5.54532e-04 8.67084e-04 1.13106e-03 8.80848e-04 7.55550e-04 3.43212e-04 7.88121e-04 5.62932e-04 1.02483e-03 1.28920e-03 1.13295e-03 1.16560e-03 1.32929e-03 1.37712e-03 1.07053e-03 1.75674e-03 2.22193e-03 2.62499e-03 2.01796e-03 2.59918e-03 3.57204e-03 3.64059e-03 3.12504e-03 3.27672e-03 3.35346e-03 3.55830e-03 3.57222e-03 4.54383e-03 4.30479e-03 3.86784e-03 6.34116e-03 5.14680e-03 5.50497e-03 5.19585e-03 6.06030e-03 7.22382e-03 6.88248e-03 6.35679e-03 7.78149e-03 7.32117e-03 6.14397e-03 8.00355e-03 7.00569e-03 6.67446e-03 7.51314e-03 6.42456e-03 8.15853e-03 7.47369e-03 7.88934e-03 8.82921e-03 7.67118e-03 8.23980e-03 8.37489e-03 7.17099e-03 8.63445e-03 7.58511e-03 5.73642e-03 7.58325e-03 8.95461e-03 7.00884e-03 6.51720e-03 6.41862e-03 7.06575e-03 6.26850e-03 6.69033e-03 6.11412e-03 
9.45597e-02 1.30544e-01 2.01033e-01 1.00000e+00 3.56844e-01 1.48806e-01 1.03419e-01 7.34523e-02 5.41146e-02 5.21424e-02 3.01341e-02 2.81253e-02 3.32931e-02 2.99637e-02 2.63959e-02 2.19354e-02 2.07924e-02 2.01206e-02 2.03582e-02 1.56890e-02 1.49190e-02 1.38519e-02 1.18967e-02 1.11623e-02 1.19220e-02 1.26822e-02 9.68874e-03 1.29502e-02 1.16469e-02 1.04965e-02 9.06237e-03 9.75783e-03 1.03414e-02 9.81447e-03 7.58790e-03 7.60002e-03 9.53616e-03 7.45575e-03 6.68292e-03 5.80233e-03 5.12091e-03 4.78098e-03 4.99500e-03 3.98271e-03 4.65057e-03 5.41821e-03 4.84962e-03 4.34229e-03 5.17767e-03 3.67443e-03 4.51602e-03 4.46574e-03 2.63710e-03 3.13716e-03 3.18363e-03 2.92168e-03 3.66867e-03 2.87533e-03 3.12486e-03 3.80178e-03 2.43883e-03 3.08556e-03 1.98004e-03 2.53388e-03 2.63612e-03 2.19836e-03 2.46121e-03 2.47820e-03 2.31578e-03 1.74537e-03 1.49603e-03 4.76385e-04 1.27766e-03 3.08673e-04 7.67175e-04 6.67317e-04 7.55802e-04 7.34436e-04 1.11800e-03 8.07888e-04 7.53117e-04 3.74565e-04 5.01885e-04 6.66186e-04 6.52464e-04 4.08087e-04 1.10901e-03 8.11104e-04 6.15453e-04 9.42261e-04 6.62364e-04 5.88753e-04 4.25586e-04 1.01125e-03 6.58287e-04 7.48065e-04 1.04269e-03 1.18309e-03 8.10771e-04 1.09091e-03 1.74289e-03 1.99471e-03 2.24244e-03 2.53093e-03 2.59438e-03 2.39080e-03 2.88901e-03 2.72672e-03 2.54739e-03 3.13716e-03 3.41121e-03 3.74604e-03 4.60014e-03 3.32994e-03 4.37883e-03 4.89615e-03 5.84388e-03 5.78301e-03 4.96593e-03 5.55528e-03 7.47087e-03 7.16151e-03 5.78259e-03 6.86763e-03 6.88479e-03 5.29047e-03 7.38585e-03 6.11856e-03 7.46487e-03 5.14299e-03 7.09311e-03 6.22188e-03 7.61652e-03 7.63536e-03 6.40344e-03 7.27125e-03 7.90995e-03 7.09029e-03 7.14918e-03 5.38068e-03 7.02147e-03 6.47178e-03 6.91074e-03 6.12969e-03 6.77559e-03 6.07251e-03 6.97722e-03 6.53193e-03 6.53238e-03 6.28800e-03 
8.05755e-02 1.09472e-01 1.61122e-01 3.56844e-01 1.00000e+00 1.91437e-01 1.37035e-01 9.33048e-02 6.92100e-02 6.46770e-02 3.15402e-02 3.27972e-02 3.79344e-02 3.30324e-02 3.08625e-02 2.47145e-02 2.16376e-02 2.22024e-02 1.90084e-02 1.89716e-02 1.74510e-02 1.59545e-02 1.55273e-02 1.38888e-02 1.36241e-02 1.32705e-02 1.19248e-02 1.24342e-02 1.19560e-02 1.13422e-02 1.12805e-02 1.04730e-02 1.03380e-02 9.67923e-03 9.06288e-03 7.90515e-03 6.85578e-03 8.41413e-03 7.81182e-03 8.92491e-03 6.30273e-03 5.42382e-03 5.58339e-03 4.75353e-03 5.27427e-03 6.19488e-03 4.72707e-03 4.90473e-03 5.21415e-03 4.31412e-03 4.84611e-03 4.32342e-03 3.64665e-03 2.95267e-03 3.72810e-03 2.69035e-03 2.59582e-03 2.59595e-03 3.40059e-03 3.24666e-03 2.73073e-03 3.55725e-03 1.84877e-03 2.41693e-03 2.65434e-03 2.42581e-03 2.96850e-03 2.34945e-03 2.18028e-03 1.62965e-03 1.55558e-03 1.40180e-03 1.06954e-03 1.02183e-03 6.23775e-04 6.44316e-04 4.82841e-04 7.20378e-04 5.80551e-04 6.48345e-04 6.56082e-04 8.67972e-04 1.47683e-03 4.64280e-04 6.23973e-04 6.00411e-04 9.17814e-04 9.94470e-04 8.80353e-04 5.44632e-04 2.92358e-04 8.66226e-04 5.21799e-04 8.53320e-04 5.44797e-04 1.55921e-03 6.27588e-04 7.94655e-04 8.30754e-04 1.33050e-03 1.66679e-03 2.13008e-03 2.40167e-03 2.79280e-03 3.80754e-03 3.15114e-03 3.09132e-03 3.72405e-03 3.20814e-03 2.87630e-03 4.70517e-03 4.21389e-03 4.37409e-03 4.98093e-03 6.70836e-03 5.16576e-03 6.92499e-03 4.86198e-03 6.83796e-03 6.49785e-03 7.28106e-03 6.68388e-03 9.21681e-03 7.05555e-03 6.15366e-03 7.31676e-03 7.87188e-03 7.79568e-03 7.65918e-03 7.73187e-03 7.58349e-03 7.44540e-03 7.20390e-03 7.66923e-03 8.16669e-03 8.26671e-03 1.03557e-02 8.81490e-03 6.22806e-03 7.99263e-03 7.47513e-03 7.29891e-03 7.12569e-03 7.04283e-03 8.50635e-03 7.16730e-03 6.51942e-03 6.27687e-03 6.47931e-03 5.82135e-03 
6.13707e-02 7.78929e-02 1.07149e-01 1.48806e-01 1.91437e-01 1.00000e+00 2.22609e-01 1.21695e-01 9.73374e-02 8.50494e-02 3.95571e-02 4.00725e-02 4.19262e-02 3.89712e-02 3.76353e-02 3.07032e-02 2.57946e-02 2.39815e-02 2.45258e-02 2.38837e-02 1.89546e-02 1.80508e-02 1.40176e-02 1.37841e-02 1.40353e-02 1.47173e-02 1.29232e-02 1.40120e-02 1.31528e-02 1.16902e-02 1.27907e-02 1.19203e-02 1.15350e-02 1.09510e-02 1.03921e-02 8.39862e-03 9.78435e-03 9.17973e-03 8.71632e-03 7.36047e-03 6.79002e-03 5.45658e-03 5.35131e-03 4.15308e-03 4.89087e-03 5.70657e-03 5.02560e-03 5.72523e-03 5.75601e-03 4.27074e-03 5.25420e-03 5.86143e-03 3.74007e-03 3.52176e-03 3.83979e-03 3.17553e-03 3.44808e-03 3.81606e-03 3.10446e-03 4.15170e-03 3.40020e-03 3.23202e-03 2.71918e-03 2.32663e-03 2.96168e-03 2.50075e-03 4.01694e-03 3.26613e-03 3.06054e-03 2.14895e-03 1.55858e-03 7.82055e-04 1.19338e-03 8.23434e-04 7.95429e-04 5.47749e-04 7.83633e-04 4.52130e-04 5.26314e-04 8.13843e-04 1.07367e-03 4.15059e-04 1.85380e-03 6.47547e-04 5.89110e-04 3.34965e-04 8.87538e-04 9.24681e-04 7.57764e-04 9.39162e-04 1.03300e-03 1.14775e-03 8.15103e-04 9.15504e-04 9.32079e-04 1.02338e-03 1.28380e-03 9.49998e-04 9.26943e-04 1.20178e-03 1.50213e-03 2.29749e-03 3.08577e-03 2.64008e-03 3.22623e-03 4.25190e-03 3.28758e-03 3.57738e-03 4.09098e-03 4.68621e-03 3.49998e-03 4.20924e-03 4.51902e-03 5.37546e-03 5.81010e-03 6.45132e-03 6.37992e-03 6.71337e-03 5.80068e-03 7.11342e-03 7.25127e-03 7.00455e-03 7.11969e-03 7.32579e-03 6.10326e-03 7.72968e-03 8.47296e-03 6.29073e-03 7.93329e-03 7.22466e-03 7.87935e-03 8.23938e-03 7.87056e-03 8.10525e-03 8.87457e-03 8.40999e-03 6.43764e-03 7.85679e-03 9.11115e-03 7.00707e-03 9.19296e-03 7.67529e-03 8.29947e-03 6.22437e-03 6.44406e-03 7.57131e-03 7.23963e-03 6.76623e-03 6.91326e-03 7.28271e-03 
4.50225e-02 5.53239e-02 7.40631e-02 1.03419e-01 1.37035e-01 2.22609e-01 1.00000e+00 3.23241e-01 1.59221e-01 1.20728e-01 4.75224e-02 4.80306e-02 5.19573e-02 4.44624e-02 4.04973e-02 3.34584e-02 2.49229e-02 2.36085e-02 2.45304e-02 2.10197e-02 1.87268e-02 1.81790e-02 1.55608e-02 1.36425e-02 1.30699e-02 1.44269e-02 1.31880e-02 1.39979e-02 1.15072e-02 1.26874e-02 1.12325e-02 1.14289e-02 1.03792e-02 8.77071e-03 9.15798e-03 8.34222e-03 1.03297e-02 9.40209e-03 9.48783e-03 5.81610e-03 6.65517e-03 6.36258e-03 6.19515e-03 3.98955e-03 5.23803e-03 5.92077e-03 4.44168e-03 5.32659e-03 5.14935e-03 4.89315e-03 4.68618e-03 4.45047e-03 3.49068e-03 3.79056e-03 3.36240e-03 2.81656e-03 2.77909e-03 3.02826e-03 3.12741e-03 2.99840e-03 3.44427e-03 2.85017e-03 3.33171e-03 2.10802e-03 2.42610e-03 3.05967e-03 2.32085e-03 2.16018e-03 2.17633e-03 1.77643e-03 1.04376e-03 1.86386e-03 8.46198e-04 7.68525e-04 4.73934e-04 7.71396e-04 8.48922e-04 1.00137e-03 3.85956e-04 8.62053e-04 4.65246e-04 3.59712e-04 5.35533e-04 5.61198e-04 3.71310e-04 2.90298e-04 8.87523e-04 7.37265e-04 1.02156e-03 9.09681e-04 7.53891e-04 9.42339e-04 1.05961e-03 1.42816e-03 9.83391e-04 1.33036e-03 1.11260e-03 1.20753e-03 6.48849e-04 1.22532e-03 1.67377e-03 2.67772e-03 2.25203e-03 2.88817e-03 3.40503e-03 3.82665e-03 3.83004e-03 3.29112e-03 3.22044e-03 3.42132e-03 3.98658e-03 3.99720e-03 4.28193e-03 5.76408e-03 5.71578e-03 6.14097e-03 6.38925e-03 6.87597e-03 5.38947e-03 6.91569e-03 6.69162e-03 7.35600e-03 7.88424e-03 7.80186e-03 7.71369e-03 6.69894e-03 8.04243e-03 8.07684e-03 6.34434e-03 7.10838e-03 7.09773e-03 7.02261e-03 7.32897e-03 7.05054e-03 7.10745e-03 8.93433e-03 8.86944e-03 7.56564e-03 6.95934e-03 7.23201e-03 6.59526e-03 8.17512e-03 7.19274e-03 6.27093e-03 6.49389e-03 6.39762e-03 5.64381e-03 6.63552e-03 6.30465e-03 6.59586e-03 
4.03740e-02 4.93509e-02 6.17406e-02 7.34523e-02 9.33048e-02 1.21695e-01 3.23241e-01 1.00000e+00 4.04769e-01 1.38747e-01 6.17244e-02 5.48736e-02 6.78570e-02 5.34762e-02 4.36677e-02 3.36456e-02 2.73082e-02 2.75552e-02 2.68461e-02 2.64230e-02 2.30924e-02 2.15579e-02 1.94625e-02 1.85250e-02 1.48385e-02 1.46034e-02 1.29760e-02 1.42957e-02 1.37567e-02 1.25063e-02 1.33213e-02 1.25785e-02 1.16286e-02 1.14357e-02 1.06572e-02 9.54456e-03 9.28851e-03 9.80388e-03 8.61663e-03 1.16801e-02 8.44110e-03 5.23761e-03 6.60288e-03 4.44138e-03 6.15924e-03 5.17575e-03 5.54247e-03 5.78811e-03 7.00176e-03 4.91328e-03 5.68206e-03 5.68752e-03 4.36341e-03 4.05330e-03 3.41103e-03 3.58377e-03 3.42063e-03 3.76089e-03 3.37116e-03 4.10877e-03 3.99642e-03 4.14480e-03 4.89573e-03 2.48482e-03 3.45993e-03 3.89154e-03 3.31161e-03 4.33812e-03 2.73160e-03 2.12897e-03 1.72620e-03 1.36111e-03 1.51054e-03 7.71684e-04 1.81700e-03 8.34150e-04 6.81930e-04 9.61767e-04 7.75086e-04 1.25905e-03 6.79506e-04 6.42117e-04         NaN 7.51341e-04 8.38887e-04 5.82984e-04 9.50583e-04 1.22310e-03 8.79222e-04 4.80747e-04 1.70323e-03 1.05135e-03 1.01330e-03 1.72084e-03 1.34009e-03 1.06867e-03 1.42187e-03 1.76363e-03 9.30738e-04 1.47643e-03 2.48986e-03 3.58497e-03 2.61462e-03 3.35199e-03 3.83598e-03 3.27315e-03 4.78377e-03 4.50198e-03 4.21269e-03 4.34985e-03 4.08999e-03 5.53338e-03 5.76768e-03 6.81846e-03 7.47018e-03 7.08657e-03 8.20449e-03 6.96327e-03 6.36663e-03 7.85679e-03 6.77757e-03 7.60137e-03 8.26086e-03 8.05596e-03 8.85192e-03 1.02787e-02 9.29088e-03 8.92107e-03 8.36295e-03 7.98819e-03 8.03892e-03 7.52556e-03 8.88921e-03 8.28567e-03 9.10185e-03 8.81367e-03 8.61864e-03 7.69806e-03 8.86932e-03 8.09325e-03 8.58261e-03 9.07548e-03 8.37546e-03 6.36444e-03 6.34671e-03 6.58866e-03 7.11390e-03 6.55953e-03 6.44853e-03 5.93787e-03 
3.19101e-02 3.72945e-02 4.67361e-02 5.41146e-02 6.92100e-02 9.73374e-02 1.59221e-01 4.04769e-01 1.00000e+00 3.62352e-01 1.00966e-01 6.34518e-02 5.72193e-02 5.30214e-02 4.66041e-02 3.91326e-02 2.84658e-02 2.65313e-02 2.87942e-02 2.49443e-02 1.95795e-02 1.81866e-02 1.32305e-02 1.45635e-02 1.34476e-02 1.40571e-02 1.30333e-02 1.29970e-02 1.15119e-02 1.23605e-02 1.07677e-02 1.08174e-02 1.12549e-02 1.23820e-02 7.44051e-03 8.59062e-03 1.01069e-02 8.80509e-03 7.35732e-03 7.02813e-03 6.95424e-03 5.26071e-03 5.31558e-03 5.11698e-03 4.64724e-03 6.52332e-03 5.97696e-03 4.37337e-03 3.51630e-03 4.11246e-03 4.96824e-03 6.31494e-03 3.20229e-03 2.76612e-03 3.05151e-03 2.21488e-03 2.96643e-03 2.91061e-03 2.84267e-03 3.69996e-03 3.94236e-03 3.58959e-03 3.04407e-03 2.06000e-03 2.56840e-03 2.48334e-03 3.43182e-03 3.13917e-03 2.29291e-03 8.58648e-04 1.43747e-03         NaN 8.80518e-04 8.22543e-04 3.22791e-04 6.11274e-04 8.74518e-04 6.52368e-04 4.60026e-04 1.39445e-03 4.75314e-04 1.64692e-03 3.34350e-04 6.30675e-04 5.21601e-04 2.71864e-04 9.97398e-04 5.40351e-04 9.11133e-04 7.17405e-04 3.53010e-04 8.82504e-04 6.61551e-04 1.06998e-03 3.28911e-04 1.66118e-03 6.63063e-04 1.64488e-03 7.52325e-04 1.83602e-03 1.50943e-03 2.95778e-03 2.96583e-03 2.66965e-03 3.11103e-03 2.25638e-03 3.67431e-03 3.35016e-03 4.03971e-03 3.31932e-03 2.75949e-03 3.41628e-03 4.79250e-03 4.73253e-03 4.67313e-03 5.83686e-03 4.94793e-03 6.27426e-03 6.61656e-03 6.88365e-03 7.08411e-03 7.22331e-03 7.06260e-03 7.75017e-03 7.56789e-03 1.01505e-02 8.16150e-03 8.44644e-03 7.11933e-03 5.38080e-03 7.11960e-03 8.17941e-03 7.06746e-03 8.85267e-03 6.49536e-03 8.36700e-03 9.37803e-03 6.32949e-03 4.51206e-03 6.82449e-03 6.12705e-03 5.89656e-03 7.58508e-03 6.18849e-03 6.73023e-03 5.76096e-03 6.35376e-03 5.82882e-03 4.91415e-03 6.81606e-03 
3.38295e-02 3.79110e-02 4.70748e-02 5.21424e-02 6.46770e-02 8.50494e-02 1.20728e-01 1.38747e-01 3.62352e-01 1.00000e+00 1.52816e-01 1.05037e-01 9.55812e-02 8.24421e-02 6.25908e-02 5.25600e-02 3.91158e-02 3.47559e-02 3.33783e-02 3.02949e-02 2.49267e-02 2.62890e-02 2.03552e-02 1.84393e-02 1.88726e-02 1.68787e-02 1.65470e-02 1.79955e-02 1.63601e-02 1.49393e-02 1.32779e-02 1.45425e-02 1.47901e-02 1.24329e-02 1.17810e-02 1.04839e-02 1.19263e-02 1.44529e-02 9.50532e-03 8.70789e-03 9.45330e-03 6.38010e-03 6.66339e-03 6.14991e-03 5.62767e-03 6.64557e-03 7.19055e-03 6.96144e-03 6.54663e-03 5.63454e-03 6.23169e-03 5.21619e-03 4.31670e-03 3.42726e-03 4.02219e-03 3.69597e-03 4.36635e-03 4.48644e-03 3.34026e-03 3.66864e-03 2.89459e-03 3.63237e-03 2.72394e-03 2.87534e-03 3.59628e-03 2.95854e-03 3.88458e-03 3.23319e-03 2.39667e-03 2.09327e-03 2.05809e-03 1.16509e-03 1.05056e-03 6.13368e-04 9.99855e-04 6.63021e-04 5.10756e-04 5.98734e-04 7.23780e-04 9.76695e-04 6.90708e-04 1.13364e-03 7.67157e-04 9.96864e-04 7.97862e-04 2.49513e-04 6.61119e-04 9.64302e-04 6.48075e-04 8.23026e-04 8.09967e-04 8.54946e-04 7.37268e-04 9.82011e-04 1.20747e-03 9.14766e-04 9.99759e-04 1.36811e-03 8.23254e-04 1.79039e-03 1.81159e-03 3.48177e-03 3.75030e-03 3.04659e-03 3.85461e-03 4.56810e-03 4.53645e-03 3.62817e-03 3.52983e-03 4.50618e-03 4.46934e-03 5.23683e-03 4.84731e-03 6.04011e-03 6.04347e-03 6.53868e-03 7.76217e-03 7.27380e-03 7.31823e-03 7.88016e-03 8.20212e-03 8.07195e-03 8.24973e-03 9.04056e-03 8.08227e-03 8.92779e-03 9.54807e-03 8.33052e-03 8.33565e-03 8.23068e-03 9.16530e-03 9.20616e-03 9.29304e-03 9.00018e-03 9.65028e-03 9.69993e-03 9.34476e-03 8.23680e-03 9.89262e-03 8.01906e-03 8.20824e-03 7.33206e-03 8.77977e-03 7.65021e-03 7.77696e-03 6.73251e-03 7.25052e-03 7.78122e-03 6.73152e-03 7.13535e-03 
1.36961e-02 1.82866e-02 2.14680e-02 3.01341e-02 3.15402e-02 3.95571e-02 4.75224e-02 6.17244e-02 1.00966e-01 1.52816e-01 1.00000e+00 1.55208e+00 7.90179e-02 7.32444e-02 5.66772e-02 2.98628e-02 2.51543e-02 2.30794e-02 2.68147e-02 2.41961e-02 1.78456e-02 1.38134e-02 1.25249e-02 1.53855e-02 1.51722e-02 1.59322e-02 1.10305e-02 1.17439e-02 1.10933e-02 9.91713e-03 1.18273e-02 8.33190e-03 9.32559e-03 8.38026e-03 9.31821e-03 8.51070e-03         NaN 3.08664e-03 7.73739e-03 9.60855e-03 2.98979e-03 8.80680e-03 4.43124e-03 3.70146e-03 3.23559e-03 6.54018e-03 4.78509e-03 2.49128e-03 2.74706e-03 2.14186e-03 3.01884e-03 3.06969e-03 1.52016e-03 4.62210e-03 2.36704e-03 2.93632e-03 1.78547e-03 2.38075e-03 2.15911e-03 1.20439e-03 1.63328e-03 2.93614e-03 6.93618e-04 3.52044e-03 3.30132e-03 3.91743e-03 3.64920e-03 2.22534e-03 7.74018e-04 9.78255e-04 5.24067e-04         NaN 8.02539e-04 1.40568e-03 7.35513e-04 5.06490e-04 3.62304e-04 7.43244e-04 5.98980e-04         NaN 3.61017e-04 6.82305e-04         NaN 1.27738e-03         NaN         NaN 1.51511e-03 2.73610e-04 6.22833e-04 4.08669e-04 4.02183e-04         NaN         NaN 1.08358e-03 2.99782e-04 2.27110e-03 1.29502e-03 9.37005e-04 5.27460e-04 1.56883e-03 2.11655e-03 2.34421e-03 1.20141e-03 2.24112e-03 2.12665e-03 1.81460e-03 1.99340e-03 1.42495e-03 1.26095e-03 2.73124e-03 4.43844e-03 3.31248e-03 2.22860e-03 4.71780e-03 3.48486e-03 2.73821e-03 5.24388e-03 5.01633e-03 5.79864e-03 5.05971e-03 4.47006e-03 4.26717e-03 2.92596e-03 2.96572e-03 4.38942e-03 5.13975e-03 5.96934e-03 4.59606e-03 7.87248e-03 3.45813e-03 6.31680e-03 4.28160e-03 5.57442e-03 5.34939e-03 6.15459e-03 6.68949e-03 8.54751e-03 1.72207e-03 2.28471e-03 6.12585e-03 3.60288e-03 2.60049e-03 5.67513e-03 2.87777e-03 4.06485e-03 4.90071e-03 5.89356e-03 3.29295e-03 6.68499e-03 4.36809e-03 
2.16587e-02 2.33530e-02 2.70874e-02 2.81253e-02 3.27972e-02 4.00725e-02 4.80306e-02 5.48736e-02 6.34518e-02 1.05037e-01 1.55208e+00 1.00000e+00 1.72461e-01 1.08289e-01 7.43976e-02 5.44380e-02 4.41195e-02 3.74238e-02 3.62097e-02 3.17583e-02 2.62838e-02 2.43739e-02 2.08275e-02 1.86449e-02 1.69847e-02 1.81224e-02 1.33258e-02 1.41513e-02 1.42835e-02 1.41824e-02 1.32511e-02 1.11611e-02 9.56295e-03 1.16129e-02 1.16931e-02 1.01425e-02 8.02389e-03 8.55462e-03 1.08650e-02 6.65751e-03 7.78902e-03 5.08500e-03 6.54996e-03 5.43702e-03 6.44025e-03 3.62520e-03 6.12084e-03 5.52366e-03 6.21765e-03 3.78429e-03 5.96124e-03 4.46652e-03 3.87606e-03 5.12406e-03 4.26414e-03 3.96726e-03 3.18114e-03 4.71303e-03 2.99197e-03 3.17106e-03 3.98343e-03 4.53375e-03 4.03695e-03 2.81865e-03 3.16077e-03 3.19683e-03 2.88964e-03 3.08376e-03 2.89600e-03 1.83008e-03 1.88818e-03 2.40503e-03 1.89059e-03 9.09027e-04 8.15388e-04 7.72053e-04 4.01649e-04 9.26952e-04 3.32013e-04 7.41567e-04 8.00445e-04 6.61851e-04 4.22292e-04 9.73569e-04 2.19598e-04         NaN 9.79797e-04 6.06645e-04 5.75391e-04 1.13262e-03 8.91720e-04 6.19233e-04 9.54921e-04 1.50156e-03 1.16318e-03 1.67849e-03 9.57102e-04 1.68798e-03 8.04018e-04 8.69601e-04 2.49305e-03 1.94908e-03 3.32970e-03 3.63801e-03 3.07797e-03 4.86153e-03 3.75678e-03 2.93371e-03 3.77427e-03 3.61011e-03 3.79284e-03 4.13124e-03 4.94124e-03 5.04336e-03 5.68761e-03 5.42067e-03 6.03135e-03 6.39522e-03 6.42834e-03 7.29192e-03 6.74496e-03 8.10951e-03 8.92020e-03 7.69641e-03 4.86609e-03 6.58821e-03 7.82658e-03 8.75736e-03 6.08274e-03 7.31883e-03 6.36615e-03 7.46889e-03 8.41137e-03 8.03064e-03 7.79766e-03 6.85974e-03 8.79888e-03 6.32385e-03 6.96525e-03 6.39930e-03 6.11601e-03 6.96699e-03 5.86248e-03 3.82833e-03 6.34974e-03 5.52993e-03 6.32055e-03 6.51012e-03 6.11403e-03 6.18759e-03 
2.34619e-02 2.80790e-02 3.31809e-02 3.32931e-02 3.79344e-02 4.19262e-02 5.19573e-02 6.78570e-02 5.72193e-02 9.55812e-02 7.90179e-02 1.72461e-01 1.00000e+00 2.69184e-01 1.16752e-01 1.01900e-01 6.99996e-02 6.49095e-02 5.24967e-02 5.02749e-02 3.85557e-02 4.07901e-02 2.86549e-02 2.56916e-02 2.59177e-02 2.06318e-02 2.15951e-02 2.52409e-02 2.13785e-02 1.82504e-02 1.73662e-02 1.71614e-02 1.68880e-02 1.75003e-02 1.60891e-02 1.38849e-02 1.93228e-02 1.66180e-02 1.61578e-02 8.62182e-03 1.19992e-02 7.90239e-03 1.04104e-02 5.79723e-03 6.91038e-03 7.56603e-03 8.10696e-03 8.84016e-03 9.18756e-03 7.73127e-03 7.57236e-03 7.32435e-03 4.91058e-03 7.40370e-03 4.92372e-03 5.56896e-03 6.74136e-03 5.99265e-03 5.28375e-03 5.15790e-03 4.63647e-03 4.92708e-03 6.11070e-03 4.78623e-03 3.37848e-03 4.89990e-03 3.82728e-03 3.88989e-03 3.78834e-03 4.06977e-03 2.56499e-03 1.41574e-03 1.57117e-03 9.17328e-04 8.99973e-04 1.23948e-03 1.06396e-03 1.27321e-03 1.17266e-03 4.91097e-04 5.30088e-04 8.34867e-04 1.49152e-03 7.81500e-04 7.75611e-04 1.21277e-03 1.48311e-03 1.07132e-03 1.42258e-03 1.40013e-03 9.84222e-04 1.09355e-03 1.26478e-03 1.06069e-03 5.86899e-04 1.48209e-03 2.32405e-03 3.66885e-03 1.16172e-03 4.09518e-03 3.62574e-03 4.30257e-03 3.96912e-03 4.93602e-03 4.16346e-03 6.21696e-03 6.43929e-03 5.28051e-03 6.04815e-03 5.14146e-03 5.97393e-03 7.13355e-03 3.05415e-03 1.05558e-02 9.66519e-03 8.42403e-03 1.27045e-02 1.10483e-02 1.07847e-02 1.50236e-02 1.21545e-02 1.16360e-02 1.28887e-02 1.02928e-02 6.75198e-03 1.16346e-02 9.55149e-03 1.15287e-02 9.45762e-03 1.06169e-02 1.03993e-02 8.38236e-03 1.06102e-02 9.49101e-03 9.03687e-03 1.01497e-02 8.96460e-03 1.17999e-02 1.00640e-02 9.68661e-03 7.49439e-03 7.00029e-03 7.32285e-03 7.32417e-03 7.77711e-03 6.51048e-03 8.27739e-03 6.98400e-03 6.38019e-03 7.60149e-03 
2.33612e-02 2.44064e-02 2.81296e-02 2.99637e-02 3.30324e-02 3.89712e-02 4.44624e-02 5.34762e-02 5.30214e-02 8.24421e-02 7.32444e-02 1.08289e-01 2.69184e-01 1.00000e+00 1.99423e-01 1.40377e-01 9.69579e-02 7.24326e-02 6.28572e-02 5.61945e-02 4.20489e-02 4.02027e-02 3.15642e-02 2.81326e-02 2.62823e-02 2.59371e-02 2.34895e-02 2.32144e-02 1.96116e-02 1.84963e-02 1.75514e-02 1.72185e-02 1.69835e-02 1.35661e-02 1.40748e-02 1.15421e-02 1.68273e-02 1.23589e-02 1.13262e-02 9.92838e-03 9.42240e-03 8.91036e-03 8.54700e-03 7.17123e-03 7.40844e-03 8.90811e-03 8.03460e-03 9.13041e-03 7.45107e-03 6.70863e-03 6.04368e-03 7.78101e-03 4.90863e-03 5.53578e-03 5.69418e-03 4.66962e-03 5.40294e-03 4.34892e-03 4.81689e-03 5.56128e-03 6.07554e-03 4.76751e-03 5.19612e-03 2.77874e-03 4.10895e-03 3.96351e-03 4.24200e-03 4.27035e-03 3.67401e-03 2.81134e-03 2.43680e-03 1.86805e-03 1.96948e-03 1.51299e-03 1.13999e-03 6.21477e-04 1.07630e-03 1.10398e-03 8.89695e-04 1.42558e-03 1.07247e-03 6.60951e-04 7.87212e-04 1.07242e-03 9.72231e-04 3.20046e-04 1.17416e-03 1.23689e-03 1.42121e-03 6.33408e-04 1.14282e-03 8.65752e-04 6.67539e-04 1.81943e-03 1.54880e-03 1.76003e-03 1.50539e-03 7.26144e-04 8.85654e-04 1.89123e-03 3.14382e-03 4.76880e-03 4.81044e-03 4.15590e-03 4.30332e-03 5.31252e-03 6.23076e-03 5.23221e-03 6.05856e-03 5.37294e-03 6.59262e-03 7.18779e-03 5.98725e-03 8.00868e-03 9.70230e-03 8.38701e-03 9.61773e-03 9.07077e-03 8.13867e-03 1.01949e-02 1.01358e-02 8.22786e-03 6.42465e-03 1.03425e-02 9.71901e-03 9.45993e-03 1.11796e-02 8.38506e-03 9.64434e-03 8.93310e-03 9.86475e-03 9.46635e-03 9.19998e-03 9.52911e-03 9.31206e-03 1.08866e-02 9.62061e-03 8.95257e-03 7.82001e-03 9.06861e-03 8.02728e-03 7.22145e-03 7.46334e-03 6.61617e-03 7.58889e-03 7.05318e-03 7.71147e-03 6.80511e-03 7.29606e-03 8.58819e-03 
2.25023e-02 2.68905e-02 3.09483e-02 2.63959e-02 3.08625e-02 3.76353e-02 4.04973e-02 4.36677e-02 4.66041e-02 6.25908e-02 5.66772e-02 7.43976e-02 1.16752e-01 1.99423e-01 1.00000e+00 2.11587e-01 1.16338e-01 8.69628e-02 7.57137e-02 6.48123e-02 4.74438e-02 4.49049e-02 3.59580e-02 3.25866e-02 3.22266e-02 2.80683e-02 2.46156e-02 2.36377e-02 2.14691e-02 2.03228e-02 2.17458e-02 1.82143e-02 1.68369e-02 1.79320e-02 1.64561e-02 1.57597e-02 2.19317e-02 1.61945e-02 1.40093e-02 9.88479e-03 1.25490e-02 8.00298e-03 9.93783e-03 9.13887e-03 9.35037e-03 7.52334e-03 8.74719e-03 8.64981e-03 9.60852e-03 5.70138e-03 8.50164e-03 9.23700e-03 6.00522e-03 7.65120e-03 7.21395e-03 6.40020e-03 5.11680e-03 5.77311e-03 5.33082e-03 6.13311e-03 6.04887e-03 5.30754e-03 6.63609e-03 4.58742e-03 5.37222e-03 4.03008e-03 4.18317e-03 5.29812e-03 3.94152e-03 3.77391e-03 3.23481e-03 3.12453e-03 2.72451e-03 1.30148e-03 9.07989e-04 1.32868e-03 2.01269e-03 1.14692e-03 1.01673e-03 1.44513e-03 1.44844e-03 1.26346e-03 1.88101e-03 7.88463e-04 1.22269e-03 2.29420e-03 1.55867e-03 1.68886e-03 1.40962e-03 1.00900e-03 1.24124e-03 4.13736e-04 5.31684e-04 2.09012e-03 1.75788e-03 1.86912e-03 1.46547e-03 2.16887e-03 1.54648e-03 1.45254e-03 3.91932e-03 3.79827e-03 4.91289e-03 4.89108e-03 5.97993e-03 6.72039e-03 5.65995e-03 6.53379e-03 7.08270e-03 6.35439e-03 7.41978e-03 7.56513e-03 6.32778e-03 7.07217e-03 1.08746e-02 1.20726e-02 1.14097e-02 1.17660e-02 8.59008e-03 1.10350e-02 1.21095e-02 1.21347e-02 1.53514e-02 1.23981e-02 9.28926e-03 8.12955e-03 1.10537e-02 1.32981e-02 9.35043e-03 1.12548e-02 9.92481e-03 8.47257e-03 9.55782e-03 1.00433e-02 9.94953e-03 1.11485e-02 1.05519e-02 9.43365e-03 7.05117e-03 8.43495e-03 1.13973e-02 1.07010e-02 8.59821e-03 8.52624e-03 1.03782e-02 7.99452e-03 8.30367e-03 8.46903e-03 7.32420e-03 7.63926e-03 
1.90580e-02 2.31664e-02 2.21950e-02 2.19354e-02 2.47145e-02 3.07032e-02 3.34584e-02 3.36456e-02 3.91326e-02 5.25600e-02 2.98628e-02 5.44380e-02 1.01900e-01 1.40377e-01 2.11587e-01 1.00000e+00 1.86337e-01 1.17956e-01 1.00001e-01 8.04960e-02 5.45679e-02 4.55832e-02 3.80025e-02 3.52098e-02 2.79013e-02 3.47274e-02 2.68801e-02 2.78817e-02 2.11936e-02 2.09997e-02 2.16606e-02 1.91017e-02 1.58405e-02 1.44385e-02 1.53748e-02 1.30668e-02 1.67306e-02 1.12580e-02 1.09657e-02 1.36844e-02 1.27117e-02 8.31069e-03 8.92764e-03 6.17157e-03 8.15358e-03 9.54159e-03 9.58938e-03 8.17782e-03 8.39721e-03 7.08660e-03 8.41524e-03 6.79764e-03 7.28703e-03 5.34210e-03 6.84498e-03 5.77557e-03 5.31606e-03 5.67075e-03 4.94994e-03 5.02032e-03 5.17416e-03 5.68233e-03 4.48143e-03 5.13606e-03 4.56618e-03 4.89879e-03 4.78065e-03 5.76438e-03 5.72682e-03 3.36411e-03 3.27675e-03 2.11003e-03 2.34168e-03 2.92969e-04 1.22635e-03 1.42508e-03 1.35919e-03 1.39415e-03 1.43563e-03 1.18503e-03 1.27912e-03 1.20874e-03 1.90540e-03 1.33114e-03 3.30276e-04 1.80752e-03 1.78940e-03 1.31158e-03 1.21155e-03 1.02209e-03 1.59262e-03 1.11760e-03 7.18104e-04 1.80669e-03 2.18679e-03 2.05113e-03 1.88933e-03 1.17173e-03 1.42912e-03 4.57761e-03 3.19818e-03 4.27503e-03 5.00790e-03 4.53744e-03 4.92477e-03 7.18572e-03 6.06570e-03 5.85483e-03 7.30593e-03 6.69948e-03 8.71086e-03 9.11304e-03 8.45355e-03 8.56854e-03 1.03297e-02 9.70176e-03 1.07106e-02 1.26504e-02 1.01517e-02 1.00532e-02 1.28359e-02 1.03546e-02 7.31787e-03 1.14631e-02 8.49489e-03 8.97141e-03 1.05271e-02 8.50137e-03 8.55186e-03 7.79706e-03 9.33540e-03 8.87115e-03 7.48722e-03 8.22246e-03 9.46773e-03 7.24986e-03 9.16173e-03 8.70357e-03 9.52347e-03 7.66041e-03 9.48012e-03 8.67180e-03 7.20432e-03 9.47649e-03 8.54886e-03 5.83653e-03 7.95741e-03 7.27485e-03 7.94163e-03 7.18197e-03 
1.98689e-02 1.99840e-02 1.89122e-02 2.07924e-02 2.16376e-02 2.57946e-02 2.49229e-02 2.73082e-02 2.84658e-02 3.91158e-02 2.51543e-02 4.41195e-02 6.99996e-02 9.69579e-02 1.16338e-01 1.86337e-01 1.00000e+00 2.68474e-01 1.41210e-01 1.09581e-01 7.43571e-02 6.46071e-02 4.99467e-02 3.76563e-02 3.69222e-02 3.52257e-02 2.93614e-02 2.98218e-02 2.22634e-02 2.33097e-02 2.18667e-02 1.88542e-02 1.94285e-02 1.48227e-02 1.62697e-02 1.37906e-02 1.12478e-02 1.53894e-02 1.49716e-02 1.16914e-02 1.08604e-02 1.04109e-02 9.78417e-03 8.83188e-03 9.58494e-03 9.42243e-03 9.37257e-03 9.31578e-03 8.64171e-03 7.72311e-03 8.13036e-03 7.10583e-03 5.57613e-03 4.56408e-03 6.16419e-03 6.69906e-03 5.90439e-03 6.29835e-03 5.90670e-03 4.87893e-03 5.52576e-03 4.85478e-03 5.06385e-03 4.31838e-03 5.02341e-03 5.19291e-03 5.75529e-03 6.17022e-03 4.16919e-03 4.39836e-03 2.93950e-03 1.54520e-03 2.78661e-03 1.00121e-03 1.17872e-03 1.30772e-03 1.35478e-03 1.05876e-03 1.33321e-03 1.31023e-03 1.02855e-03 7.28964e-04 1.08527e-03 9.66687e-04 9.87618e-04 8.82444e-04 7.19433e-04 1.46160e-03 1.25691e-03 1.38262e-03 7.87758e-04 1.19355e-03 1.53380e-03 2.07417e-03 1.06761e-03 1.75241e-03 1.99850e-03 1.16793e-03 2.01932e-03 2.70041e-03 4.42836e-03 5.42646e-03 5.08077e-03 5.67240e-03 5.17527e-03 7.10856e-03 7.38303e-03 6.12582e-03 7.49928e-03 6.32235e-03 7.77153e-03 1.07940e-02 8.65098e-03 9.48081e-03 1.13074e-02 1.10053e-02 9.52422e-03 1.05401e-02 1.10825e-02 1.03309e-02 1.09665e-02 1.03662e-02 1.30252e-02 1.11379e-02 9.26754e-03 8.69445e-03 1.09563e-02 8.08164e-03 9.21792e-03 7.38924e-03 8.89611e-03 8.83488e-03 7.49970e-03 9.36660e-03 8.61072e-03 1.00057e-02 8.91459e-03 8.50923e-03 8.13648e-03 7.29993e-03 8.34003e-03 7.94910e-03 7.80870e-03 6.86652e-03 6.90900e-03 6.29547e-03 7.16352e-03 8.63895e-03 7.14213e-03 7.00023e-03 
1.45081e-02 1.80549e-02 1.98649e-02 2.01206e-02 2.22024e-02 2.39815e-02 2.36085e-02 2.75552e-02 2.65313e-02 3.47559e-02 2.30794e-02 3.74238e-02 6.49095e-02 7.24326e-02 8.69628e-02 1.17956e-01 2.68474e-01 1.00000e+00 1.85614e-01 1.38942e-01 9.20787e-02 7.37997e-02 5.49882e-02 4.48509e-02 4.02174e-02 3.90360e-02 3.32148e-02 3.04173e-02 2.62332e-02 2.60686e-02 2.22928e-02 2.31105e-02 2.26831e-02 2.06937e-02 1.81586e-02 1.76261e-02 1.90932e-02 2.37089e-02 1.34712e-02 1.20274e-02 1.13294e-02 1.02722e-02 1.09927e-02 9.98253e-03 9.58974e-03 1.17724e-02 9.54996e-03 1.05778e-02 1.07065e-02 8.08881e-03 9.59724e-03 7.00812e-03 7.10970e-03 6.16818e-03 7.57560e-03 6.60966e-03 6.13884e-03 7.72110e-03 7.33731e-03 7.24665e-03 6.46788e-03 6.01410e-03 7.22208e-03 4.54020e-03 5.58384e-03 5.90661e-03 6.31788e-03 5.53491e-03 5.02050e-03 5.80254e-03 4.02543e-03 3.45618e-03 2.87671e-03 1.99948e-03 1.75764e-03 9.07761e-04 1.54606e-03 1.83955e-03 1.53361e-03 1.82688e-03 1.60218e-03 1.04817e-03 7.80249e-04 1.47176e-03 1.62296e-03 2.53772e-03 1.37929e-03 1.86811e-03 1.24031e-03 2.16244e-03 1.85353e-03 1.75433e-03 6.61635e-04 2.03453e-03 1.84213e-03 2.32595e-03 2.79994e-03 2.31911e-03 1.93571e-03 3.03492e-03 3.70308e-03 6.90234e-03 4.87041e-03 5.73810e-03 6.69534e-03 8.15640e-03 6.53292e-03 7.43577e-03 8.56626e-03 8.60676e-03 9.21747e-03 1.04036e-02 1.01948e-02 1.15041e-02 1.25576e-02 1.17515e-02 1.10543e-02 1.23299e-02 1.26691e-02 1.34729e-02 1.16145e-02 1.08214e-02 1.34848e-02 1.04926e-02 1.10245e-02 1.06374e-02 1.10905e-02 1.14735e-02 9.60996e-03 9.55170e-03 1.03901e-02 1.00597e-02 9.62079e-03 9.96798e-03 1.02552e-02 1.00482e-02 1.04213e-02 8.23041e-03 7.40961e-03 7.80201e-03 7.84098e-03 7.39803e-03 1.02154e-02 8.44881e-03 9.46134e-03 6.87132e-03 6.91065e-03 5.99547e-03 7.07463e-03 8.61579e-03 
1.74240e-02 1.67257e-02 2.08428e-02 2.03582e-02 1.90084e-02 2.45258e-02 2.45304e-02 2.68461e-02 2.87942e-02 3.33783e-02 2.68147e-02 3.62097e-02 5.24967e-02 6.28572e-02 7.57137e-02 1.00001e-01 1.41210e-01 1.85614e-01 1.00000e+00 2.16700e-01 1.24469e-01 9.16407e-02 6.63708e-02 5.73126e-02 4.77708e-02 4.70124e-02 3.79008e-02 3.81087e-02 3.13614e-02 3.10644e-02 2.73896e-02 2.64993e-02 2.67596e-02 2.30599e-02 2.02697e-02 1.77245e-02 1.89739e-02 2.00703e-02 1.64786e-02 1.44875e-02 1.38619e-02 1.18263e-02 1.36132e-02 1.00457e-02 1.10599e-02 1.05895e-02 1.09263e-02 1.17971e-02 1.30730e-02 9.00711e-03 1.03481e-02 9.32916e-03 8.76711e-03 8.43420e-03 9.20121e-03 9.02757e-03 6.92253e-03 6.53829e-03 7.71318e-03 8.51226e-03 5.63325e-03 8.06355e-03 6.66711e-03 5.63979e-03 6.19377e-03 7.50633e-03 8.10588e-03 6.92034e-03 6.78345e-03 6.63747e-03 5.55591e-03 6.13317e-03 2.60917e-03 1.58959e-03 2.07935e-03 1.57507e-03 2.15095e-03 2.52145e-03 2.28604e-03 2.45843e-03 1.53093e-03 1.54314e-03 3.01533e-03 1.98619e-03 1.90402e-03 4.55337e-03 1.71334e-03 1.39233e-03 2.05426e-03 1.84854e-03 1.59181e-03 1.89496e-03 1.46111e-03 1.91460e-03 2.71202e-03 2.35422e-03 2.19667e-03 2.11918e-03 1.34206e-03 5.47008e-03 5.98365e-03 5.96454e-03 4.92489e-03 6.60738e-03 6.27939e-03 5.81403e-03 7.55157e-03 8.34462e-03 9.12588e-03 8.25600e-03 1.11884e-02 1.36724e-02 1.27269e-02 1.02890e-02 1.36832e-02 1.13905e-02 1.40836e-02 1.23379e-02 1.37703e-02 1.35413e-02 1.22159e-02 1.14604e-02 1.32351e-02 1.21954e-02 1.09910e-02 1.12611e-02 1.18780e-02 1.34807e-02 1.01839e-02 9.77640e-03 9.65961e-03 1.03956e-02 8.05479e-03 9.83007e-03 9.85971e-03 1.04014e-02 9.32058e-03 9.85857e-03 8.39676e-03 8.92557e-03 8.65776e-03 1.07826e-02 8.02203e-03 6.50856e-03 7.93965e-03 8.11488e-03 7.67880e-03 6.51657e-03 7.55958e-03 8.23266e-03 
1.53094e-02 1.45194e-02 1.82119e-02 1.56890e-02 1.89716e-02 2.38837e-02 2.10197e-02 2.64230e-02 2.49443e-02 3.02949e-02 2.41961e-02 3.17583e-02 5.02749e-02 5.61945e-02 6.48123e-02 8.04960e-02 1.09581e-01 1.38942e-01 2.16700e-01 1.00000e+00 1.74400e-01 1.18849e-01 8.56605e-02 7.03611e-02 5.53200e-02 5.21109e-02 4.59399e-02 3.92730e-02 3.50811e-02 2.93445e-02 2.94313e-02 2.90581e-02 2.48938e-02 2.71730e-02 2.30120e-02 1.67501e-02 2.20299e-02 1.95514e-02 1.87872e-02 2.17366e-02 1.88026e-02 1.14556e-02 1.32990e-02 1.08017e-02 1.16448e-02 1.23742e-02 1.05751e-02 1.20465e-02 1.16003e-02 1.09625e-02 9.30483e-03 1.20657e-02 8.59728e-03 8.55504e-03 8.36676e-03 7.72200e-03 8.13594e-03 8.07864e-03 6.92688e-03 7.96941e-03 8.27643e-03 6.73704e-03 7.06098e-03 8.05245e-03 7.40040e-03 7.72971e-03 8.72700e-03 6.90402e-03 6.82887e-03 7.30296e-03 6.81690e-03 3.59901e-03 3.81258e-03 1.27198e-03 2.07986e-03 1.77597e-03 1.22941e-03 1.51324e-03 1.69377e-03 1.43758e-03 1.38838e-03 1.54351e-03 1.72347e-03 1.30037e-03 1.16509e-03 1.68164e-03 2.39925e-03 1.98068e-03 1.64380e-03 1.84899e-03 1.91063e-03 2.12287e-03 1.46146e-03 3.12537e-03 2.57704e-03 1.88383e-03 3.12492e-03 1.48379e-03 1.84950e-03 3.90393e-03 4.78809e-03 7.29174e-03 7.33815e-03 6.98922e-03 8.92692e-03 9.03102e-03 9.37974e-03 8.97984e-03 8.61462e-03 1.05512e-02 1.21324e-02 1.48372e-02 1.07890e-02 1.40269e-02 1.50662e-02 1.10615e-02 1.35236e-02 1.53197e-02 1.29428e-02 1.19040e-02 1.17975e-02 1.23423e-02 1.32383e-02 1.35402e-02 1.27669e-02 1.16272e-02 1.26729e-02 1.06572e-02 9.82203e-03 7.75191e-03 1.03927e-02 1.15091e-02 1.19099e-02 1.00341e-02 1.15362e-02 1.01391e-02 9.11565e-03 9.15486e-03 1.11122e-02 1.06600e-02 9.78054e-03 8.13795e-03 9.10356e-03 6.51012e-03 8.52675e-03 8.63157e-03 9.10086e-03 6.60507e-03 8.54439e-03 8.78361e-03 
1.30781e-02 1.52647e-02 1.57366e-02 1.49190e-02 1.74510e-02 1.89546e-02 1.87268e-02 2.30924e-02 1.95795e-02 2.49267e-02 1.78456e-02 2.62838e-02 3.85557e-02 4.20489e-02 4.74438e-02 5.45679e-02 7.43571e-02 9.20787e-02 1.24469e-01 1.74400e-01 1.00000e+00 1.93171e-01 1.22567e-01 9.87807e-02 7.29453e-02 6.19734e-02 5.19507e-02 4.69581e-02 3.84501e-02 3.46773e-02 3.02634e-02 3.09183e-02 2.68011e-02 2.44195e-02 2.26272e-02 2.15742e-02 2.46040e-02 2.28107e-02 2.02004e-02 1.49704e-02 1.62407e-02 1.45865e-02 1.39946e-02 1.11287e-02 1.14448e-02 1.30689e-02 1.07412e-02 1.11331e-02 1.22038e-02 1.07891e-02 1.10117e-02 1.11488e-02 8.56482e-03 9.97929e-03 9.41910e-03 8.90247e-03 8.98989e-03 7.90548e-03 7.76103e-03 8.17788e-03 8.29434e-03 8.26605e-03 7.09740e-03 5.88024e-03 7.92384e-03 7.53312e-03 9.81252e-03 8.83518e-03 9.16677e-03 7.84731e-03 6.05763e-03 5.29845e-03 2.99077e-03 2.54524e-03 1.95121e-03 1.82352e-03 1.83074e-03 2.25339e-03 1.74034e-03 1.81682e-03 2.14348e-03 1.85315e-03 2.11733e-03 1.73470e-03 1.50141e-03 2.97371e-03 2.61579e-03 1.76278e-03 1.99323e-03 2.27153e-03 1.93065e-03 2.54026e-03 1.90426e-03 3.73011e-03 3.82491e-03 3.15591e-03 3.70815e-03 2.36737e-03 2.59866e-03 4.82250e-03 4.54539e-03 8.06970e-03 7.01937e-03 7.86651e-03 8.41776e-03 1.02391e-02 1.01231e-02 9.43761e-03 1.08637e-02 1.09082e-02 1.49518e-02 1.79936e-02 1.60473e-02 1.48996e-02 1.69243e-02 1.31939e-02 1.51699e-02 1.40046e-02 1.24040e-02 1.42749e-02 1.27368e-02 1.17437e-02 1.29369e-02 1.19888e-02 9.10965e-03 1.16060e-02 1.15723e-02 1.16847e-02 1.01560e-02 1.02065e-02 1.07727e-02 9.60861e-03 9.62406e-03 9.82683e-03 8.77449e-03 9.12666e-03 1.17233e-02 1.00614e-02 8.80287e-03 9.34584e-03 8.42004e-03 7.77477e-03 9.71100e-03 7.27077e-03 9.14958e-03 8.66724e-03 7.93068e-03 7.76508e-03 7.47375e-03 7.72530e-03 
1.47973e-02 1.49711e-02 1.49522e-02 1.38519e-02 1.59545e-02 1.80508e-02 1.81790e-02 2.15579e-02 1.81866e-02 2.62890e-02 1.38134e-02 2.43739e-02 4.07901e-02 4.02027e-02 4.49049e-02 4.55832e-02 6.46071e-02 7.37997e-02 9.16407e-02 1.18849e-01 1.93171e-01 1.00000e+00 1.71925e-01 1.22381e-01 9.69270e-02 8.39103e-02 6.82743e-02 5.59197e-02 4.92498e-02 3.76512e-02 4.03629e-02 3.41391e-02 3.30861e-02 3.12300e-02 2.84653e-02 2.23954e-02 2.61221e-02 2.28882e-02 2.16551e-02 1.97306e-02 2.06010e-02 1.40097e-02 1.48959e-02 1.08943e-02 1.38922e-02 1.42438e-02 1.20934e-02 1.30735e-02 1.49380e-02 1.27669e-02 1.22258e-02 1.18189e-02 1.09601e-02 1.07376e-02 1.01262e-02 9.71433e-03 9.60240e-03 1.10191e-02 8.32980e-03 9.13689e-03 9.09267e-03 8.13462e-03 6.96327e-03 8.65698e-03 8.62791e-03 8.29254e-03 7.85025e-03 1.10976e-02 1.00220e-02 7.75617e-03 6.69600e-03 2.96988e-03 4.30302e-03 2.03123e-03 2.60113e-03 2.71568e-03 1.40528e-03 1.86537e-03 1.77662e-03 1.67884e-03 2.22398e-03 1.86810e-03 2.08589e-03 1.74869e-03 2.71172e-03 1.69606e-03 1.38275e-03 2.74678e-03 2.17895e-03 1.95808e-03 2.84463e-03 1.63129e-03 1.96532e-03 2.90495e-03 3.00951e-03 3.45450e-03 3.64416e-03 3.20682e-03 2.34674e-03 4.77261e-03 5.67423e-03 9.09255e-03 9.04575e-03 8.32746e-03 9.97389e-03 1.13166e-02 1.10065e-02 1.06824e-02 9.43650e-03 1.13128e-02 1.31647e-02 1.71562e-02 1.57628e-02 1.46085e-02 1.45769e-02 1.41908e-02 1.52547e-02 1.49933e-02 1.27010e-02 1.32374e-02 1.37118e-02 1.32131e-02 1.66897e-02 1.32256e-02 1.01580e-02 1.15803e-02 1.25720e-02 9.30669e-03 1.13758e-02 1.08309e-02 1.35608e-02 9.36669e-03 1.15881e-02 1.02219e-02 1.13007e-02 1.19050e-02 1.11440e-02 1.10997e-02 1.04256e-02 8.17104e-03 9.14511e-03 9.98769e-03 1.00056e-02 7.48515e-03 8.76846e-03 9.10491e-03 8.82810e-03 7.51317e-03 8.38887e-03 8.74818e-03 
