#P_obs N 128 min: 1.89693e-04 max: 2.90000e-01
1.00000e+00 1.77914e-01 1.42770e-01 1.25070e-01 5.78234e-02 4.21550e-02 4.17038e-02 3.01084e-02 2.25060e-02 3.32636e-02 2.12123e-02 6.18581e-03 2.37444e-02 1.67300e-02 3.43948e-03 3.50038e-03 1.67379e-02 1.04806e-02 9.00871e-03 1.47383e-02 1.46215e-02 6.78083e-03 1.11074e-02 2.02298e-02 1.57643e-02 1.68268e-02 9.13993e-03 1.11909e-02 1.89118e-02 2.06936e-02 1.18687e-02 1.60940e-02 9.35448e-03 1.77997e-02 1.26861e-02 3.17033e-03 1.94877e-03 1.44209e-02 3.34136e-03         NaN 2.15979e-02         NaN 1.91497e-03 3.98929e-03 1.73157e-02         NaN 1.26834e-02 4.68473e-03 8.07391e-03 1.22780e-02 5.86251e-03 6.77628e-03 9.92489e-03 3.81512e-03 1.00175e-02 2.34240e-02 6.00122e-03 1.12663e-02 1.74781e-02 8.96425e-03 3.70131e-03 1.26270e-02 1.84770e-02 8.18031e-03 2.31127e-02 7.49657e-03 1.03092e-02 1.47228e-02 1.21531e-02 1.20563e-02 1.07088e-02 1.22764e-02 1.28775e-03 1.83883e-02 2.41445e-03 3.99173e-03 1.24149e-02 1.31942e-02 6.49061e-03 7.39486e-03 8.16493e-03 4.93078e-03 4.92973e-03 8.26187e-03 6.90888e-03 4.22832e-03 6.18522e-03 9.92636e-03 3.13817e-03 4.21048e-03 8.28145e-03         NaN 3.20159e-03 4.86942e-03 5.77113e-03 3.98240e-03 1.18940e-02 4.15784e-03 2.15860e-03 4.55442e-03         NaN 1.61861e-02 1.01777e-02 1.12834e-02 6.75690e-03 7.88630e-03 5.16028e-03 5.93259e-03 7.67134e-03 2.33538e-03 2.76379e-03 5.56901e-03 1.01722e-02 5.38553e-03 1.30207e-02 8.50309e-03 2.36147e-03 5.80766e-03 1.08349e-02 5.15629e-03 1.15861e-03 1.26484e-02         NaN         NaN 2.57361e-03         NaN         NaN 5.77898e-03 
1.77914e-01 1.00000e+00 1.98166e-01 1.15878e-01 8.62523e-02 3.93778e-02 3.71187e-02 1.45410e-02 2.31104e-02 2.77608e-03 2.36815e-02 1.03837e-02 1.47173e-02 1.55351e-02 7.83753e-03 1.24837e-02 1.38367e-02 2.23240e-02 8.16699e-03 2.49666e-02 2.70946e-02 2.21144e-02 1.20133e-02 1.14235e-02 1.43699e-02 2.06876e-02 2.47026e-02 2.70888e-02 1.84414e-02 2.23543e-02 1.74927e-02 1.35026e-02 1.63738e-02 2.24730e-02 6.87694e-03 1.12586e-02 9.89965e-03 1.40083e-02 2.25459e-03 1.07583e-02 9.57909e-04 9.51619e-03 2.30035e-02 1.20748e-02 9.37060e-03 4.75598e-03 1.01112e-02 3.14798e-03 5.09121e-03 9.35786e-03 1.80850e-02 5.75532e-03 1.38495e-02 1.33025e-02 1.09447e-02 1.38534e-02 3.36120e-03 1.99003e-02 1.27172e-02 1.10750e-02 1.01238e-02 1.60118e-02 5.69615e-03 1.48611e-02 1.08708e-02 1.14333e-02 4.19445e-03 5.28233e-03 2.12272e-02 1.47066e-02 1.43408e-02 2.37160e-03 1.10262e-02 6.84687e-03 4.81880e-03         NaN         NaN 9.50965e-03 1.29114e-02 7.24164e-03 7.75034e-03 1.81400e-02 7.04245e-03 1.11639e-02 5.24775e-03 1.14984e-02 1.49563e-02 1.48814e-03 8.47416e-03         NaN 4.43997e-03 4.03094e-03 6.40944e-03 5.87214e-03         NaN 7.71139e-03 4.48888e-03 5.54892e-03 1.07363e-02 8.26704e-03 6.84446e-03 9.29357e-03 1.54155e-02 8.55884e-03 1.05330e-02 2.85295e-03 5.12713e-03 1.32559e-02 7.83867e-03         NaN 1.35308e-02 6.68644e-03 7.57685e-03 1.03555e-02 8.73292e-03 1.19067e-02 3.39260e-03 6.87277e-03 2.83761e-03 8.35055e-03         NaN 7.79860e-03         NaN         NaN 9.50390e-04 6.90290e-03         NaN 4.34637e-03 
1.42770e-01 1.98166e-01 1.00000e+00 2.14433e-01 1.33725e-01 5.52315e-02 4.62559e-02 2.86219e-02 2.06042e-02 1.40907e-02 1.62362e-02 2.82371e-02 1.79018e-02 7.17054e-03 8.56788e-03 9.95525e-03 2.17292e-02 2.22132e-02 7.90539e-03 1.57929e-02 1.67381e-02 1.36187e-02 1.41363e-02 3.05081e-03 1.43009e-02 1.92174e-02 1.50091e-02 1.03722e-02 2.40997e-02 1.40492e-02 1.84878e-02 1.80276e-02 1.38096e-02 1.60850e-02 6.20577e-03 9.78225e-03 2.41202e-03 8.17079e-03 7.91674e-03 8.76890e-03 3.16745e-03 1.65006e-02 8.23788e-03 1.92661e-02 1.13322e-02 1.26690e-02 1.13248e-02 5.46299e-03 8.51415e-03 7.25677e-03 1.15154e-02 5.81208e-03 1.31732e-02 9.44096e-03 1.65966e-03 7.57888e-03 2.06827e-02 1.17575e-02 4.12383e-03 9.01352e-03 1.11345e-02 1.03649e-02 2.20129e-02 1.68023e-02 1.86920e-02 1.44056e-03 2.68472e-03 1.51601e-02 1.53330e-02 2.26291e-03 4.66456e-03 1.46951e-02 6.72780e-03 1.42026e-02         NaN 4.25117e-03         NaN 1.24569e-02 2.31926e-03 1.22094e-02 4.55913e-03 8.01941e-03 5.54293e-03 3.81049e-03 7.18293e-03 8.93974e-03 4.02963e-03 1.41258e-02 4.82513e-03 1.88144e-03 9.66615e-03 5.33780e-03 2.96413e-03 3.72063e-03 9.00599e-03 1.49341e-02         NaN         NaN 6.60612e-03         NaN 1.24767e-02 1.17347e-02 9.60103e-03 2.96361e-03 7.85239e-03 3.16091e-03 1.23980e-02 3.33754e-03 2.41939e-02         NaN 9.25914e-03 6.80177e-03 5.64974e-03 1.48867e-02 1.46117e-02 6.03431e-03 7.83877e-03 1.04768e-02 2.43039e-03 1.85509e-03         NaN         NaN 4.35438e-03 8.24490e-03 7.84498e-03 1.25474e-02 5.70636e-03         NaN 
1.25070e-01 1.15878e-01 2.14433e-01 1.00000e+00 2.25646e-01 7.17481e-02 6.44539e-02 2.77944e-02 2.88740e-02 1.14665e-02 1.21879e-02 1.04790e-02 9.56909e-03 9.11084e-03 2.12818e-02 1.44775e-02 8.20570e-03 1.99843e-02 1.50810e-02         NaN 1.91156e-02 1.93955e-02 7.42088e-03 1.40929e-02 2.90789e-02 1.91679e-02 6.50524e-03 2.02373e-02 2.18563e-02 2.54869e-02 1.05734e-02 2.16547e-02 9.50720e-03 8.30728e-03 1.11998e-02 3.85113e-03 4.31966e-03 1.23748e-02 7.47835e-03         NaN         NaN 9.20288e-03 1.12530e-02 1.87092e-02 1.51680e-02 1.01222e-02 2.49114e-03 1.09701e-02 5.84752e-03 6.08503e-03 7.84469e-03 5.77667e-03 1.00032e-02 2.93472e-03 1.27372e-02 1.07667e-02 1.23215e-02 7.19922e-03 3.61307e-03 7.37344e-03 7.32459e-03 1.85745e-02 2.15157e-02 2.39328e-02 1.38419e-02 2.01622e-02 1.30357e-02 1.60489e-02 9.55353e-03 1.46079e-02 1.68872e-02 6.96387e-03 2.31039e-03 7.75190e-03 9.58594e-03 8.59040e-03 9.73626e-03 1.02429e-02 9.01680e-03 5.78664e-03 9.06221e-03 3.11314e-02 1.11717e-02 4.91543e-03 2.29830e-03 5.65361e-03 1.16040e-02         NaN 5.27641e-03 8.82575e-03 1.07119e-02 3.60171e-03         NaN 1.04837e-02 1.14828e-02 3.55122e-03         NaN 4.87203e-03 8.43625e-03 5.92749e-03 1.26402e-02         NaN 4.48849e-03 5.05707e-03 5.23389e-03 1.44596e-02         NaN 1.07989e-02 4.58485e-03 3.57901e-03 1.44749e-02 1.77586e-02 1.44430e-02         NaN 2.95630e-03 7.00737e-03 3.45098e-03 1.29199e-02 8.33760e-03         NaN         NaN 5.31983e-03 3.06933e-03 1.48087e-02 1.93434e-02 9.20808e-03         NaN 5.69194e-03 
5.78234e-02 8.62523e-02 1.33725e-01 2.25646e-01 1.00000e+00 1.57628e-01 1.09519e-01 4.70993e-02 4.94558e-02 2.01350e-02 2.19835e-02 1.84328e-02 2.24525e-02 1.11546e-02 1.28486e-02 1.72158e-02 1.02751e-02 1.42661e-02 1.75242e-02 1.38314e-02 1.81380e-02 1.76092e-02 7.31324e-03 1.28532e-02 1.13816e-02 3.83187e-03 1.64668e-02 1.57182e-02 1.23497e-02 1.83816e-02 2.23396e-02 1.39318e-02 2.26154e-02 2.70546e-02 9.65970e-03 4.73601e-03 7.34933e-03 1.28601e-02 1.27136e-02 8.58098e-03 9.70088e-03 1.23020e-02 9.92945e-03 3.42689e-03 1.18700e-02 5.85693e-03 5.00919e-03 1.15686e-02 6.88679e-03 8.26686e-03 2.07775e-02 3.67722e-03 7.40615e-03 4.79074e-03 1.43035e-02 1.15176e-02 1.44354e-02 7.19965e-03 1.24684e-02 8.52885e-03 2.17695e-02 8.01744e-03 2.22269e-02 7.39511e-03 2.25357e-02 1.98998e-02 1.77928e-02 9.99254e-03 1.97971e-02 3.52711e-03 9.07317e-03         NaN 2.11782e-02 9.21213e-03 7.82782e-03 9.74141e-03 7.57612e-03 7.17975e-03 4.77391e-03 1.11682e-02 1.43147e-02 1.26082e-02 1.40973e-02 6.20305e-03 4.83899e-03 7.27079e-03 4.01120e-03 7.44124e-03 4.88994e-03         NaN         NaN 1.39890e-02 2.02616e-03 7.26332e-03 5.14579e-03 5.04306e-03 2.03911e-03 8.41703e-03 7.08138e-03 9.55164e-03 7.58675e-03 8.36199e-03 9.19686e-03 7.29450e-03 6.29130e-03 1.39724e-03 6.19392e-03 7.90830e-03 8.04210e-03 1.66565e-02 5.22936e-03 1.41591e-02 8.68043e-03 1.81213e-02 9.15956e-03 1.00183e-02 7.23271e-04 3.07387e-03 1.12566e-03 1.14003e-03         NaN         NaN 9.43805e-04 2.22506e-03 6.54507e-03 4.32835e-03         NaN 8.70957e-03 
4.21550e-02 3.93778e-02 5.52315e-02 7.17481e-02 1.57628e-01 1.00000e+00 2.08418e-01 5.02965e-02 2.98405e-02 2.15234e-02 1.63984e-02 1.67148e-02 1.76735e-02 2.85233e-02 3.55406e-03 4.58169e-03 1.10664e-02 2.06729e-02 1.95219e-02 1.00901e-02 2.44073e-02 1.08764e-02 1.82856e-02 9.23783e-03 2.04533e-02 2.79982e-02 1.41753e-02 2.12291e-02 3.02689e-02 8.08927e-03 3.47174e-02 1.53640e-02 2.09406e-02 2.38745e-02 1.58711e-02 1.82136e-02 4.97439e-03 2.78299e-03 1.60715e-02 1.76560e-02 1.02978e-02 1.63061e-02 4.49563e-03 1.57660e-02 1.93420e-02 1.82042e-02 1.65133e-02 1.71870e-03 2.35885e-03 1.08082e-02 3.03035e-03         NaN 4.79325e-03 8.31847e-03 5.70277e-03 8.94927e-03 1.16666e-02 1.50909e-02 1.44500e-02 1.85665e-02 1.32931e-02 2.17454e-02 1.85104e-02 1.24386e-02 3.83654e-02 1.92135e-02 1.97658e-02 9.93971e-03 1.18157e-02 1.00124e-02 1.91107e-02 1.82668e-02 1.36735e-02 9.98040e-03 1.53087e-02 1.31688e-02 1.07784e-02         NaN 1.09562e-02 1.30196e-02 5.94538e-03 1.32474e-02 1.39358e-02 1.13289e-02 2.49960e-02 3.70658e-03 5.57651e-03 8.22153e-03 8.03724e-03 2.56994e-03 2.75736e-03 1.89496e-03 1.08455e-02 2.81939e-03 1.15355e-02 6.11973e-03 2.74093e-03 1.19893e-02 3.42488e-03 5.83429e-03 1.84969e-02 9.67217e-03 1.24882e-02 1.84624e-03 1.34843e-02 5.17914e-03 1.12067e-02 5.86128e-03 8.90581e-03 1.29835e-02 9.54921e-03 1.15128e-02 1.60834e-02 1.15063e-02 2.46576e-02 1.57966e-02 1.14151e-02 7.19697e-03 1.25715e-02 2.04209e-03 7.82956e-03 3.26825e-03         NaN         NaN 3.54468e-03 8.48398e-03         NaN 3.46906e-03 
4.17038e-02 3.71187e-02 4.62559e-02 6.44539e-02 1.09519e-01 2.08418e-01 1.00000e+00 8.55840e-02 4.99138e-02 2.94284e-02 2.52179e-02 1.58205e-02 3.24141e-02 2.61371e-02 9.54408e-03 1.42062e-02 1.24534e-02 1.98291e-02 2.90855e-02 1.64843e-02 1.51912e-02 1.96485e-02 2.24753e-02 1.97214e-02 2.29230e-02 1.37616e-02 2.15344e-02 4.11003e-02 3.12700e-02 3.86981e-02 4.02853e-02 2.03977e-02 2.72144e-02 3.46632e-02 1.36359e-02 9.28558e-03 1.56161e-02 1.84677e-02 1.86126e-02 5.47336e-03 9.16961e-03 1.58520e-02 2.11488e-02 9.92902e-03 4.10158e-03 1.35175e-02 1.11277e-02 7.17346e-03 5.94675e-03 1.48979e-02 1.53441e-02 8.70021e-03 1.32252e-02 1.03430e-02 7.27434e-03 1.63033e-02 7.90027e-03 1.41942e-02 1.31793e-02 5.51267e-03 1.47570e-02 2.02331e-02 3.06918e-02 2.41561e-02 2.27503e-02 2.38094e-02 2.58476e-02 2.68736e-02 1.79891e-02 7.21422e-03 1.64054e-02 2.26497e-02 1.27439e-02 1.18792e-02 1.20121e-02 1.41297e-02 8.43147e-03 1.04854e-02 1.60770e-02 7.30485e-03 2.42923e-02 1.49624e-02 1.78335e-02 2.44506e-02 6.54285e-03 1.04815e-02 2.21972e-02 6.78112e-03 4.31223e-03 8.25633e-03 2.71293e-03 5.39776e-03         NaN         NaN 4.79199e-03 2.73626e-03 4.19869e-03 7.93565e-03 1.24365e-02 1.06931e-02 1.30415e-02 4.78414e-03 1.70656e-02 9.94313e-03         NaN 1.31992e-02 1.03097e-02 6.89451e-03 1.19393e-02 4.90833e-03 3.54419e-03 7.89273e-03 1.96068e-02 3.64982e-02 9.91957e-03 2.30178e-02 1.30004e-02 1.90261e-02 1.35895e-02 8.66102e-03         NaN 2.91974e-03 6.35302e-04 8.91617e-03 7.16447e-03 1.13054e-03 2.87798e-03 1.65656e-03 
3.01084e-02 1.45410e-02 2.86219e-02 2.77944e-02 4.70993e-02 5.02965e-02 8.55840e-02 1.00000e+00 1.21228e-01 4.40821e-02 3.12621e-02 3.81969e-02 2.86914e-02 2.30440e-02 1.82121e-02 1.18701e-02 1.50166e-02 2.49238e-02 2.09664e-02 1.44681e-02 2.39553e-02 3.34539e-02 1.92992e-02 1.02655e-02 2.55790e-02 1.95852e-02 2.31185e-02 3.98993e-02 3.46354e-02 1.01496e-01 6.96441e-02 4.16168e-02 4.75382e-02 5.37287e-02 3.12771e-02 2.02667e-02 3.15545e-02 1.54231e-02 1.35428e-02 8.05206e-04 1.03584e-02 1.04150e-02 1.32770e-02 2.84451e-02 1.01321e-02 9.05632e-03 1.05838e-02 1.52984e-02 1.63325e-02 4.84024e-03 1.01279e-02 8.32717e-03 1.33349e-02 1.27298e-02 1.29817e-02 1.62774e-02 1.25361e-02 1.83799e-02 1.32114e-02 2.37313e-02 1.29720e-02 3.22988e-02 4.57574e-02 4.28836e-02 2.90461e-02 4.85748e-02 3.68869e-02 2.24251e-02 2.48097e-02 1.57890e-02 3.68141e-03 1.08342e-02 1.51459e-02 1.67701e-02 3.21717e-02 2.04434e-02 8.74217e-03 1.04442e-02 7.60468e-03 1.41294e-02 2.14445e-02 2.92123e-02 1.70012e-02 1.20065e-02 1.80052e-02 1.19195e-02 9.44021e-03 8.39131e-04 5.36472e-03 7.25405e-03 1.02670e-02 2.48107e-03 4.06078e-03 6.74044e-03 8.15545e-03 1.54314e-02 9.29552e-03 9.41203e-03 7.24672e-03 7.86158e-03 1.24012e-02 1.92331e-02 1.66360e-02 8.53582e-03 6.36775e-03 6.38645e-03 1.15429e-02 1.03172e-02 1.80624e-02 2.80740e-02 8.65368e-03 1.38450e-02 1.66666e-02 3.18223e-02 3.65918e-02 3.13952e-02 5.24777e-02 2.67142e-02 1.29370e-02 1.23343e-02         NaN 1.11812e-02 5.79533e-03 8.21290e-03 9.86391e-03 1.53434e-03 7.78228e-03 3.91032e-03 
2.25060e-02 2.31104e-02 2.06042e-02 2.88740e-02 4.94558e-02 2.98405e-02 4.99138e-02 1.21228e-01 1.00000e+00 1.58257e-01 8.02280e-02 3.13165e-02 6.17244e-02 5.42453e-02 3.14844e-02 2.72218e-02 2.91851e-02 4.34485e-02 2.82251e-02 4.73680e-02 3.05762e-02 3.24901e-02 3.16828e-02 3.05142e-02 3.54414e-02 3.26935e-02 4.78835e-02 6.22698e-02 5.47917e-02 1.18423e-01 6.76912e-02 3.73317e-02 5.61361e-02 5.46759e-02 1.94100e-02 1.40144e-02 7.88038e-03 2.45831e-02 1.26279e-02 2.01246e-02 3.38648e-02 2.53515e-02 1.73552e-02 7.56576e-03 2.43124e-03 1.25348e-02 6.30074e-03 1.18898e-02 1.34317e-02 2.05475e-02 4.95471e-03 9.98657e-03 1.63328e-02 1.42997e-02 9.89042e-03 2.74991e-02 3.03523e-02 1.23643e-02 1.83868e-02 1.14889e-02 1.65290e-02 3.96365e-02 2.99489e-02 6.79371e-02 4.04079e-02 3.55714e-02 1.95281e-02 1.92100e-02 1.38970e-02 2.41775e-02 1.01686e-02 9.49299e-03 1.17795e-02 6.86731e-03 7.97778e-03 6.06446e-03 7.11292e-03 2.07459e-02 1.09856e-02 1.50409e-02 2.09761e-02 2.86582e-02 1.92624e-02 9.94384e-03 1.20136e-02 1.38582e-02 4.31470e-03 4.10220e-03 7.13793e-03 7.95622e-03 1.06238e-02 1.21951e-02 3.26059e-03 2.03757e-03 8.97820e-03 3.78453e-03 5.98396e-03 1.22597e-02 5.86012e-03 8.84826e-03 1.11698e-02 7.91569e-03 2.16886e-02 4.17596e-03 8.65042e-03 1.36892e-02 1.70719e-03 1.24553e-02 1.73935e-02 1.07686e-02 1.17813e-02 1.11416e-02 1.40588e-02 1.87814e-02 1.61181e-02 3.89027e-02 2.40692e-02 9.25374e-03 1.86204e-02 1.02521e-02 7.13714e-03 8.74651e-03 2.02904e-03         NaN         NaN 8.67858e-03 1.54008e-03 9.52306e-03 
3.32636e-02 2.77608e-03 1.40907e-02 1.14665e-02 2.01350e-02 2.15234e-02 2.94284e-02 4.40821e-02 1.58257e-01 1.00000e+00 2.00165e-01 7.96699e-02 5.45477e-02 4.64026e-02 5.93535e-02 6.04645e-02 4.34058e-02 5.65304e-02 3.98011e-02 3.09267e-02 4.38844e-02 3.65748e-02 4.05325e-02 5.05873e-02 4.73962e-02 4.95421e-02 4.69696e-02 5.23677e-02 8.72347e-02 5.53282e-02 3.48658e-02 2.64691e-02 3.90276e-02 3.95734e-02 2.79372e-02 1.58127e-02 1.17874e-02 1.04883e-02 5.76729e-03 2.10875e-02 1.83237e-02 1.05209e-02 1.05350e-02 1.31623e-02 2.57847e-02 6.35059e-03 1.93320e-02 1.36758e-02 6.03939e-03 4.82814e-03 1.38380e-02 1.16667e-02 8.71749e-03 2.44571e-02 1.68688e-02 1.85207e-02         NaN 1.17143e-02 1.60859e-02 1.33430e-02 4.34236e-03 3.95456e-02 2.89981e-02 3.23145e-02 1.52903e-02 2.03168e-02 2.48120e-02 1.04436e-02 1.51266e-02 1.18146e-02 7.75860e-03 2.14200e-02 2.64704e-02 2.14480e-02 1.23350e-02 1.06711e-02 1.98193e-02 1.29502e-02 8.55522e-03 1.90703e-02 1.39335e-02         NaN 1.59768e-02 1.42355e-02 2.34777e-02 3.02178e-03 1.43533e-02 5.10435e-03 5.84721e-03 7.31490e-03 1.22269e-02 2.71805e-02 1.64636e-03 3.36527e-03         NaN 1.01177e-02 9.04945e-03 9.20777e-03 1.27000e-02 7.07542e-03 1.25999e-02 6.21000e-03 1.16428e-02 9.81712e-03 6.91411e-03 1.79323e-02 9.62689e-03 1.03598e-02 4.96783e-03 3.41624e-03 1.45112e-02 8.30631e-03 1.29683e-02 1.14886e-02 3.44804e-02 3.68479e-02 3.30494e-02 1.03988e-02 9.65096e-03 5.20531e-03 1.42444e-02 3.81147e-03 7.16198e-03 7.72876e-03         NaN 1.24932e-02 3.69857e-03         NaN 
2.12123e-02 2.36815e-02 1.62362e-02 1.21879e-02 2.19835e-02 1.63984e-02 2.52179e-02 3.12621e-02 8.02280e-02 2.00165e-01 1.00000e+00 1.86087e-01 9.18474e-02 6.26031e-02 5.81859e-02 4.29691e-02 4.39416e-02 4.98304e-02 4.32333e-02 4.28187e-02 4.47851e-02 5.61268e-02 4.37302e-02 4.59462e-02 1.84605e-02 5.06776e-02 2.67346e-02 5.19913e-02 4.12157e-02 4.20143e-02 4.62544e-02 2.08526e-02 2.14420e-02 1.17742e-02 1.92217e-02 7.07297e-03 1.07310e-02 1.30205e-02 1.14759e-02 2.99636e-03 2.04334e-02 2.10930e-02 1.09285e-02 6.81823e-03 1.41146e-02 8.55201e-03 4.77167e-03 1.41400e-02 6.08187e-03 8.93011e-03 5.05591e-03 1.90593e-02 1.08515e-02 6.57533e-03 1.60388e-02 1.71342e-02 3.70913e-02 2.56485e-02 1.38084e-02 1.12258e-02 2.44573e-02 1.09177e-02 2.18411e-02 2.99158e-02 1.99577e-02 1.40786e-02 1.44242e-02 6.16646e-03 7.65195e-03 1.05268e-02 1.24610e-02 7.58726e-03 6.42916e-03 5.67807e-03 1.36741e-02 8.90367e-03 6.89391e-03 1.84312e-02 2.13140e-02 3.85736e-03 1.17843e-02 9.46742e-03 1.60984e-02 1.12287e-02 1.08266e-02 1.79353e-02 7.14119e-03 5.70331e-03 2.94651e-03 1.73727e-03 2.54642e-03 7.24683e-03 5.24153e-03 6.96076e-03 1.12561e-02 6.99805e-03 1.15625e-02 1.93526e-03 5.52807e-03 9.08817e-03         NaN         NaN 7.23502e-03 7.64288e-03 1.00907e-02 8.80649e-03 1.04597e-03 1.83982e-02 6.63201e-03 9.23040e-03 1.37651e-02 1.44203e-02 1.28281e-02 1.22192e-02 6.71989e-03 2.29595e-02 1.50519e-02 6.83906e-03 1.34294e-02 1.47223e-02         NaN 2.06281e-03 1.43455e-03 2.22271e-03         NaN 8.76054e-03         NaN 8.47593e-03 
6.18581e-03 1.03837e-02 2.82371e-02 1.04790e-02 1.84328e-02 1.67148e-02 1.58205e-02 3.81969e-02 3.13165e-02 7.96699e-02 1.86087e-01 1.00000e+00 1.89483e-01 9.60051e-02 7.09474e-02 5.98535e-02 5.28426e-02 4.42251e-02 4.59047e-02 4.74419e-02 4.70634e-02 4.08189e-02 3.12798e-02 3.52856e-02 4.44665e-02 4.80326e-02 4.77416e-02 3.96172e-02 4.12204e-02 3.52648e-02 1.57520e-02 1.91260e-02 1.84887e-02 1.66710e-02 1.92520e-02 8.24714e-03 8.49680e-03 8.82946e-03 2.13171e-02 1.86656e-02 9.29803e-03 1.56036e-02 1.37241e-02 4.78414e-03 6.76447e-03 8.02761e-03 1.80370e-02 1.55739e-02 3.81141e-03 1.96597e-02 1.18955e-02 3.87892e-03 7.45783e-03 4.62739e-03 1.58344e-02 9.54242e-03 3.92719e-03 7.62122e-03 1.29469e-02         NaN 2.11822e-02 1.82577e-02 3.31762e-02 9.90349e-03 7.07027e-03 9.66559e-03 1.39108e-02 2.56355e-03 1.51052e-02 7.61806e-03 9.46190e-03 2.02968e-02 1.02193e-02 9.64816e-03 1.77540e-02 7.18336e-03 7.60185e-03 1.29043e-02 1.22956e-02 2.45519e-02 7.97612e-03 1.61258e-02 1.41416e-02 5.08598e-03 1.13379e-02 2.05598e-02 1.62098e-03 1.38850e-02 9.70528e-03 1.58859e-02 1.25451e-02 2.72326e-03 1.28480e-02 9.19816e-03 9.33180e-03 9.37098e-03 1.38874e-02 1.68037e-02 3.94110e-03 1.03794e-02 1.56976e-02 2.21966e-03 9.12810e-03 1.37646e-02 2.08047e-02 5.69881e-03 2.23940e-02 2.09759e-02 2.70006e-02 1.02818e-02 1.00578e-02 2.12685e-03 1.12530e-02 1.20099e-02 8.08184e-03 8.65386e-03 1.28539e-02 1.37362e-02 2.82062e-03 7.58394e-03 1.06360e-02         NaN 6.84296e-03 6.49291e-03 1.48384e-02 8.25129e-03 3.15438e-03 5.63509e-03 
2.37444e-02 1.47173e-02 1.79018e-02 9.56909e-03 2.24525e-02 1.76735e-02 3.24141e-02 2.86914e-02 6.17244e-02 5.45477e-02 9.18474e-02 1.89483e-01 1.00000e+00 1.76872e-01 9.55664e-02 5.70622e-02 5.83067e-02 4.45410e-02 4.47500e-02 3.77617e-02 3.23079e-02 3.39790e-02 4.38375e-02 2.44079e-02 3.93929e-02 3.94296e-02 4.17059e-02 4.93898e-02 3.25426e-02 4.20468e-02 2.65712e-02 1.36383e-02 2.15966e-02 2.41012e-02 6.58178e-03 1.50960e-02 1.33184e-02 1.17574e-02 8.97322e-03 1.82469e-02 5.27544e-03 9.26304e-03 6.77975e-03 1.78608e-02 4.59408e-03 8.50369e-03 4.89222e-03         NaN 1.20698e-02 1.80222e-02 1.41739e-02 6.71174e-03 1.14469e-02 2.79991e-03 1.59110e-02 9.29629e-03 1.65881e-02 6.96190e-03 1.18957e-02 7.52386e-03 1.62708e-02 1.85016e-02 1.83558e-02 1.96711e-02 3.32293e-02 1.03104e-02 1.27367e-02 6.11672e-03 1.18947e-02 1.24568e-02 9.41992e-03 4.60958e-03 1.03706e-02 9.76843e-03 1.79382e-02 1.16605e-02 8.13059e-03 1.52519e-02 1.67657e-02 2.18077e-02 1.46856e-02 6.84784e-03 7.39231e-03 1.19834e-03 3.84982e-03 1.59064e-02 1.77892e-02 1.66833e-02 2.64010e-03 7.29223e-03 6.12585e-03 1.05176e-02 5.70053e-03 8.24618e-03 6.75638e-03 7.27250e-03 1.01991e-02 1.20652e-02 4.38613e-03 1.47775e-02 7.54752e-03 7.64508e-03 1.51682e-02 4.74691e-03 9.29112e-03 1.25297e-03 5.01870e-03 1.24186e-02 1.09603e-02 1.08692e-02 2.54647e-03 8.79445e-03 1.59002e-02 1.89960e-02 1.39342e-02 1.50945e-02 8.06343e-03 1.66470e-02 5.31242e-03 4.54873e-03 4.55467e-03         NaN 6.35621e-03 3.89583e-03 5.88391e-03 7.52930e-03         NaN 6.74241e-03 
1.67300e-02 1.55351e-02 7.17054e-03 9.11084e-03 1.11546e-02 2.85233e-02 2.61371e-02 2.30440e-02 5.42453e-02 4.64026e-02 6.26031e-02 9.60051e-02 1.76872e-01 1.00000e+00 1.82113e-01 1.02375e-01 6.51838e-02 5.02239e-02 5.24867e-02 5.65388e-02 3.73047e-02 3.35797e-02 5.18489e-02 4.85101e-02 2.93121e-02 4.89930e-02 5.13510e-02 2.18287e-02 2.17880e-02 3.49604e-02 2.77407e-02 1.61444e-02 7.63469e-03 1.52506e-02 9.13906e-03 1.58656e-02 1.99158e-02 3.92607e-03 1.79512e-02 7.33611e-03 4.10189e-03 1.32366e-02 1.15904e-02 2.78069e-03 2.03921e-02 9.33900e-03 9.01734e-03 4.12302e-03 7.56547e-03 9.09720e-03 6.09769e-03 1.32743e-02 8.21433e-03 1.73853e-02 1.40254e-02 1.85978e-02 5.67921e-03 2.69267e-03 5.64879e-03 5.61675e-03 2.19339e-02 9.17370e-03 1.50005e-02 1.51568e-02 2.23739e-02 2.75967e-02 2.65459e-02 1.79321e-02 1.04757e-02 1.13017e-02 7.13308e-03 1.41229e-02 4.27869e-03 1.70924e-02 8.21236e-03 8.55921e-03 1.69739e-02 8.51438e-03 9.14556e-03 2.61354e-03 1.67672e-02 1.09887e-02 1.67244e-02         NaN 9.68033e-03 4.95114e-03 1.33799e-02 1.53348e-03         NaN 4.61581e-03 1.22817e-02 1.13879e-02 9.78167e-03         NaN 8.18708e-03 1.32889e-02 7.74806e-03 9.48707e-03 2.84073e-02 5.52500e-03 1.10963e-02 1.27170e-02 2.11629e-02 1.42921e-02 1.27150e-02 6.63533e-03 8.20412e-03 4.63476e-03 1.72753e-02 3.42909e-02 1.36528e-03 1.02424e-02 6.09937e-03 5.86755e-03 8.25567e-03 1.46802e-02 8.09016e-03 1.21196e-02 8.57149e-03 7.09151e-03 1.20627e-02         NaN         NaN 4.43233e-03 2.83459e-03 1.21681e-02 1.29535e-02         NaN 
3.43948e-03 7.83753e-03 8.56788e-03 2.12818e-02 1.28486e-02 3.55406e-03 9.54408e-03 1.82121e-02 3.14844e-02 5.93535e-02 5.81859e-02 7.09474e-02 9.55664e-02 1.82113e-01 1.00000e+00 2.25542e-01 1.21343e-01 8.12362e-02 6.67772e-02 6.15916e-02 6.79504e-02 4.11432e-02 3.88886e-02 3.50401e-02 4.49289e-02 4.07006e-02 4.05987e-02 2.02529e-02 1.50967e-02 1.01791e-02 1.56654e-02 1.69603e-02 1.18838e-02 2.48802e-02 9.62423e-03 2.41460e-02 8.56355e-03 1.04228e-02 2.05592e-02 4.02272e-03 4.63123e-03 6.85622e-03 1.26948e-02 2.31687e-02 9.47960e-03 6.69076e-03 7.50427e-03 4.68787e-03 8.75437e-03 4.58408e-03 9.05389e-03 1.24861e-02 2.49531e-03 9.48288e-03 9.10270e-03 7.62028e-03 2.28254e-02 1.52992e-02 1.23250e-02 1.53245e-02 8.10898e-03 5.71174e-03 1.36737e-02 2.76263e-02 7.38282e-03 1.14210e-02 1.04167e-02 1.47346e-02 1.17334e-02 1.01358e-02 9.76780e-03 3.23517e-03 9.19428e-03 1.62492e-02 5.68691e-03 2.01429e-02 4.54133e-03 1.37851e-02 1.33973e-02 7.42092e-03 1.73730e-02 8.85345e-03 1.14411e-02 1.12112e-02 5.44012e-03 1.04907e-02 2.11475e-02 3.40719e-03 4.65534e-03 6.38213e-03 3.56762e-03 3.14153e-03 8.45961e-03         NaN 2.27848e-02 8.42493e-03 4.72485e-03 9.00180e-03 9.88948e-03 7.54327e-03 1.19519e-02 9.88278e-03 1.12410e-02 1.57026e-02 8.43826e-03 9.72574e-03 9.89635e-03 5.15687e-03 7.31384e-03 3.43865e-03 2.28688e-02 1.09423e-02 1.66031e-03 5.97524e-03 1.26619e-02 9.09398e-03 8.99150e-03 2.01229e-03 3.09145e-03         NaN 4.81645e-03         NaN         NaN 1.04379e-02         NaN 2.74611e-03 2.55830e-03         NaN 
3.50038e-03 1.24837e-02 9.95525e-03 1.44775e-02 1.72158e-02 4.58169e-03 1.42062e-02 1.18701e-02 2.72218e-02 6.04645e-02 4.29691e-02 5.98535e-02 5.70622e-02 1.02375e-01 2.25542e-01 1.00000e+00 2.30876e-01 8.20071e-02 5.54826e-02 6.23678e-02 5.44642e-02 7.22838e-02 5.10013e-02 5.57561e-02 2.26932e-02 3.18524e-02 2.07945e-02 5.41075e-02 2.16041e-02 3.81743e-02 3.14157e-02 1.73346e-02 8.36701e-03 7.88923e-03 1.78716e-02 1.47824e-02 1.47906e-02 1.14186e-02 1.49750e-02 1.44843e-02 1.35437e-02 1.65888e-02 1.35044e-02 1.54810e-02 2.10593e-02 2.52455e-02 9.05872e-03 5.04213e-03 2.55595e-02 1.51055e-02 7.26660e-03 1.58113e-02 1.40350e-02 4.42407e-03 1.51897e-02 6.59562e-03 1.52557e-02 1.56826e-02 1.47415e-02 1.89791e-02 5.98854e-03 1.13426e-02 2.07987e-02 3.34977e-03 1.90665e-02 1.01722e-02 1.22166e-02 1.73556e-02 8.59304e-03 1.04247e-02 3.77056e-03 2.32793e-02 3.13711e-03 5.63997e-03 1.65453e-02 1.53580e-02 2.21483e-03 6.26174e-03 1.77886e-02 7.38218e-03 7.99903e-03 3.33221e-03 5.84481e-03 3.01238e-03 2.80628e-03 4.78491e-03 1.60715e-02 6.27366e-03 8.13557e-03 4.81832e-03 7.69234e-03 7.53673e-03 7.42190e-03         NaN 3.15415e-03 7.83448e-03 8.39814e-03 1.04692e-02 1.64250e-02 4.18420e-03 2.77048e-03 1.44056e-02 8.66090e-03 1.79981e-02 4.17571e-03 5.31800e-03 3.10957e-03 1.06020e-02 3.58300e-03 3.11432e-02 4.17727e-03 1.24792e-02 1.12144e-02 7.79696e-03 9.06868e-03 1.43384e-02 9.49345e-03 3.49288e-03 7.14561e-03 4.40568e-03         NaN 1.55852e-02 5.82580e-03 3.75927e-03 5.80730e-03 2.72804e-03         NaN 2.86985e-03 
1.67379e-02 1.38367e-02 2.17292e-02 8.20570e-03 1.02751e-02 1.10664e-02 1.24534e-02 1.50166e-02 2.91851e-02 4.34058e-02 4.39416e-02 5.28426e-02 5.83067e-02 6.51838e-02 1.21343e-01 2.30876e-01 1.00000e+00 2.13673e-01 1.02160e-01 7.51853e-02 4.92298e-02 5.58738e-02 5.31148e-02 5.02851e-02 3.52003e-02 2.78851e-02 1.84670e-02 2.92578e-02 3.17502e-02 1.05885e-02 7.04952e-03 1.83349e-02 1.66797e-02 1.18721e-02 1.83088e-02 1.46629e-02 2.41074e-02 1.38464e-02 1.40653e-02 2.41939e-02 2.19968e-02 6.80772e-03 1.00916e-02 1.35746e-02 1.42121e-02 7.24018e-03 1.38290e-02 9.52995e-03 9.69573e-03 1.00124e-02 1.86970e-03 5.86101e-03 1.75171e-02 2.00808e-02 1.33445e-02 1.28861e-02 2.60086e-03 7.91608e-03 1.40217e-02 1.59282e-02 5.60753e-03 9.60562e-03 7.00972e-03 1.85183e-02 1.50711e-02 8.84544e-03 8.14018e-03 4.83289e-03 5.60666e-03 5.97310e-03 8.51789e-03 3.18743e-03 2.94068e-03 1.17959e-02 1.55238e-02 1.24373e-02 1.45212e-02 9.54024e-03 9.80147e-03 7.09047e-03 1.11840e-02 4.11374e-03 7.54721e-03 1.99154e-02 5.38508e-03 2.94126e-03 2.78602e-03 1.05650e-03 3.47993e-03 5.54911e-03 2.45882e-03 5.56407e-03 1.18072e-02 2.67422e-03 4.44432e-03 5.08044e-03 8.71874e-03 5.59045e-03 7.79644e-03 4.09038e-03 1.79724e-02 2.05749e-02 7.50249e-03 6.83539e-03 1.13104e-02 1.01173e-02 1.01193e-02 6.88555e-03 3.36656e-03 2.44208e-03 3.96035e-03 2.05569e-02 6.01405e-03 1.21989e-02 7.38851e-03 8.22371e-03 3.94145e-03         NaN 5.08073e-03 9.35923e-03         NaN 5.46340e-03 1.62262e-03 1.15708e-02 9.11194e-03 3.27630e-03         NaN 1.74122e-03 
1.04806e-02 2.23240e-02 2.22132e-02 1.99843e-02 1.42661e-02 2.06729e-02 1.98291e-02 2.49238e-02 4.34485e-02 5.65304e-02 4.98304e-02 4.42251e-02 4.45410e-02 5.02239e-02 8.12362e-02 8.20071e-02 2.13673e-01 1.00000e+00 2.90000e-01 8.77660e-02 6.41671e-02 4.77781e-02 2.50894e-02 4.66871e-02 3.18399e-02 3.52320e-02 4.18731e-02 3.63770e-02 3.53508e-02 1.95477e-02 1.55302e-03 1.82118e-02 1.57860e-02 3.61728e-03 1.59806e-02 1.22059e-02 1.68097e-02 1.46443e-02 9.52157e-03 7.71245e-03 8.32349e-03 2.87528e-02 6.20575e-03 1.23819e-02 8.41350e-03 1.18600e-02 8.24037e-03 1.78011e-02 3.96482e-03 1.56634e-02 1.07154e-02 2.71320e-03 3.04291e-03 3.44893e-03 7.32681e-03 1.38595e-02 8.03271e-03 1.30435e-02 1.66408e-02 9.40919e-03 1.56348e-02 2.83062e-02 3.02535e-03 2.71062e-02 1.50730e-02 1.88930e-02 1.35097e-02 1.22201e-02 1.65301e-02 1.36838e-02 1.25642e-02 1.25774e-02 8.64231e-03 9.23106e-03 1.06699e-02 8.55280e-03 2.23720e-03 5.01641e-03 1.42998e-02 9.19918e-03 4.75807e-03 2.07225e-02 1.30234e-02 4.55689e-03 5.50248e-03 1.82218e-02 8.69614e-03 9.48954e-03 2.89209e-03 1.12092e-02 4.80917e-03 1.09357e-02 6.81974e-03         NaN 3.14946e-03 6.48185e-03 4.63945e-03 8.59951e-03 5.41147e-03 3.14624e-03 7.17583e-04 2.12303e-03 1.55338e-02 9.60877e-03 3.31928e-03 2.06243e-02 6.72797e-03 1.08802e-02 9.86284e-03 3.88544e-03 2.02259e-02 3.16959e-03 6.79986e-03 5.91587e-03 7.92146e-03 2.61524e-02 1.65450e-02         NaN 4.22170e-03 9.72331e-03 6.87125e-03         NaN 1.07321e-02 8.58164e-03 8.39019e-03         NaN         NaN         NaN 
9.00871e-03 8.16699e-03 7.90539e-03 1.50810e-02 1.75242e-02 1.95219e-02 2.90855e-02 2.09664e-02 2.82251e-02 3.98011e-02 4.32333e-02 4.59047e-02 4.47500e-02 5.24867e-02 6.67772e-02 5.54826e-02 1.02160e-01 2.90000e-01 1.00000e+00 1.79552e-01 7.55580e-02 6.51408e-02 8.02653e-02 3.13186e-02 5.44261e-02 3.80641e-02 3.15361e-02 3.32159e-02 2.83483e-02 2.81763e-02 3.08319e-02 2.67707e-02 2.58832e-02 1.56169e-02 1.54072e-02 5.07840e-03 3.91123e-03 6.31744e-03 1.04954e-02 1.63492e-02 1.49245e-02 1.45833e-02 7.70624e-03 6.73177e-03 1.66394e-02 2.17079e-02 4.06674e-03 9.35396e-03 9.30424e-03 1.00684e-02 1.59429e-02 1.64297e-02 1.45753e-02 1.75253e-02 1.77598e-02 1.50466e-02         NaN 5.04092e-03 7.91604e-03 6.41955e-03 2.53410e-02 2.71015e-02 9.12464e-03 6.10167e-03 1.45287e-02 7.98859e-03 8.73530e-03 5.59205e-03 1.67435e-02 1.23280e-02 5.25607e-03 3.95774e-03 9.90372e-03 1.70033e-02 1.29166e-02 3.44447e-03         NaN 1.02144e-02 6.99521e-03 1.85336e-02 2.44569e-02 7.26281e-03 1.77649e-02 1.10008e-02 1.75734e-02 3.73217e-03 1.56384e-02 7.72179e-03 9.52968e-03 9.00595e-03 9.60273e-03 6.72498e-03 7.75041e-03 3.18337e-03 4.53477e-03 2.95342e-03 7.92911e-03 8.37320e-03 2.16946e-03 1.08887e-02 5.19421e-03 1.01892e-02 6.21274e-03 9.70299e-03 8.53868e-03 9.51511e-03 7.80268e-03 2.39133e-02 6.10873e-03 5.75546e-03 6.93924e-03 6.55111e-03 1.42346e-02 1.66089e-02 1.01940e-02 6.10277e-03 7.12067e-03 5.25688e-03 1.22261e-02 9.17984e-03 3.58783e-03 7.38913e-03         NaN 4.51476e-03 4.25397e-03 4.88712e-03 8.97500e-03 4.23797e-03 
1.47383e-02 2.49666e-02 1.57929e-02         NaN 1.38314e-02 1.00901e-02 1.64843e-02 1.44681e-02 4.73680e-02 3.09267e-02 4.28187e-02 4.74419e-02 3.77617e-02 5.65388e-02 6.15916e-02 6.23678e-02 7.51853e-02 8.77660e-02 1.79552e-01 1.00000e+00 1.69281e-01 1.07204e-01 7.23313e-02 6.13438e-02 4.30768e-02 2.79061e-02 6.12049e-02 3.79796e-02 4.22102e-02 4.33111e-02 2.37319e-02 1.72501e-02 1.39671e-02 2.32731e-02 1.79277e-02 1.95688e-02 1.56810e-02 8.39412e-03 1.26686e-02 1.20842e-02 1.09019e-02 6.91224e-03 7.47360e-03 5.24317e-03 6.57854e-03 9.16290e-03 2.26910e-03 1.32354e-02 3.49546e-03 1.76236e-02 3.04857e-02 1.08543e-02 1.81954e-02         NaN 1.79128e-02 1.71049e-02 7.64797e-03 1.23616e-02 9.35348e-03 1.76842e-02 1.23242e-02 1.11679e-02 1.67651e-02 3.80763e-02 1.36110e-02 1.20856e-02 1.22950e-02 1.02021e-02 1.61414e-02 9.94531e-03 9.96974e-03 1.05723e-02 5.67438e-03 8.34784e-03         NaN 2.41269e-03 2.32299e-02 2.56533e-02 2.43218e-03 1.06490e-02 1.44534e-02 1.50588e-02 7.02024e-03 4.04264e-03 8.34993e-03 6.26008e-03 2.04483e-02 7.76713e-03 1.31903e-02 1.35807e-02 1.52836e-02 5.62316e-03 9.14298e-03 6.70062e-03 1.90614e-03 7.57975e-03 1.15983e-02 9.06792e-03 2.63054e-03 1.32693e-02 8.86329e-03         NaN 7.12243e-03 5.06213e-03 7.44927e-03 2.01373e-02 5.38223e-03         NaN 1.91991e-02         NaN 6.37427e-03 8.16960e-03 8.84540e-03 6.54932e-03 1.13588e-02 2.90564e-02 2.21590e-02 1.03268e-02 8.15925e-03 7.47441e-03 8.93125e-03         NaN 4.91534e-03 1.19700e-02 1.13986e-02 8.32862e-03         NaN 4.73388e-03 
1.46215e-02 2.70946e-02 1.67381e-02 1.91156e-02 1.81380e-02 2.44073e-02 1.51912e-02 2.39553e-02 3.05762e-02 4.38844e-02 4.47851e-02 4.70634e-02 3.23079e-02 3.73047e-02 6.79504e-02 5.44642e-02 4.92298e-02 6.41671e-02 7.55580e-02 1.69281e-01 1.00000e+00 2.34101e-01 1.17615e-01 8.44199e-02 5.95905e-02 6.18601e-02 5.71614e-02 4.28475e-02 4.20776e-02 3.18930e-02 2.11193e-02 1.80140e-02 3.48674e-02 2.39609e-02 1.36067e-02 7.47437e-03 1.26328e-02 1.98627e-02 6.08055e-03 8.79360e-03 2.11461e-02 9.97851e-03 9.99506e-03 1.72209e-02 1.96307e-02 1.03789e-02 1.05301e-02 1.85846e-02 1.84458e-02 1.40388e-02 4.65674e-03 3.03106e-03 1.78063e-02 8.12324e-03 7.87609e-03 2.45689e-03 1.99679e-02 1.38350e-02 1.68435e-02 1.63994e-02 1.57671e-02 1.23292e-02 1.07602e-02 1.33616e-02 5.37727e-03 1.02836e-02 1.46056e-02 6.75134e-03 9.97322e-03 1.48330e-02 7.77627e-03 1.55985e-02 1.48256e-02 6.87158e-03 1.16332e-02 1.47864e-02 7.91268e-03 1.45843e-02 8.30865e-03 6.52212e-03 4.54564e-03 7.03863e-03 1.33059e-02 1.83993e-02 6.30294e-03 8.38453e-03 5.64537e-03 7.09642e-03 5.53473e-04 8.08520e-03 6.34445e-03 5.13359e-03 9.23396e-03 1.32204e-02 2.07653e-03 4.12651e-03 9.60769e-03 2.27538e-03 1.04560e-02 2.68620e-02 4.99919e-03 6.52521e-03 7.27378e-03 1.04457e-02 1.64322e-02 4.28905e-03 6.24356e-03 1.39524e-02 6.38579e-03 1.08071e-02 6.01914e-03 1.09705e-02 7.00752e-03 7.94698e-03 3.09346e-03 4.75895e-03 1.79552e-02 8.47236e-03 1.49900e-02 3.80597e-03         NaN         NaN 1.20645e-02 3.55967e-03 5.69634e-03 1.00767e-02 3.77156e-03 1.88820e-03 
6.78083e-03 2.21144e-02 1.36187e-02 1.93955e-02 1.76092e-02 1.08764e-02 1.96485e-02 3.34539e-02 3.24901e-02 3.65748e-02 5.61268e-02 4.08189e-02 3.39790e-02 3.35797e-02 4.11432e-02 7.22838e-02 5.58738e-02 4.77781e-02 6.51408e-02 1.07204e-01 2.34101e-01 1.00000e+00 1.72057e-01 6.76165e-02 6.67920e-02 6.34739e-02 5.99519e-02 5.47027e-02 3.79769e-02 2.80097e-02 2.80047e-02 1.53839e-02 1.92246e-02 1.93191e-02 1.07196e-02 1.27113e-02 2.09628e-02 2.06212e-02 1.23125e-02 2.80590e-02 1.74637e-02 1.63320e-02 1.02612e-02 1.31251e-02 1.16889e-02 3.34937e-03 9.11335e-03 6.63449e-03 1.42699e-02 7.95180e-03 2.16566e-02 1.48104e-02 5.79743e-03 1.59607e-02 1.35745e-02 7.64002e-03 1.84798e-02 6.87191e-03 1.51709e-02 1.37052e-02 2.87306e-02 4.53388e-03 1.42101e-02 1.18355e-02 1.13652e-02 6.91382e-03 1.79058e-02 1.20912e-02 1.38289e-03 3.46086e-03 1.39066e-02 4.13333e-03 8.77396e-03 1.05040e-02 2.56876e-02 8.76099e-03 1.27505e-02 1.05450e-02 1.49208e-02 9.60979e-03 1.19331e-02 1.23896e-02 9.66719e-03 7.83958e-03 1.74332e-02 7.94134e-03 3.83135e-03 1.29830e-02 2.06169e-02 8.54966e-03 1.37294e-02 1.36038e-02 6.60735e-03 5.06361e-03 1.11403e-02 2.72712e-03 9.16102e-03 8.57253e-03 6.22559e-03 3.99871e-03 1.08268e-03 5.25510e-03 1.01453e-02 7.38428e-03 1.09634e-02 1.27901e-02 5.97948e-03 1.28609e-02 6.57516e-03 5.85261e-03 8.36022e-03 5.89806e-03 9.94124e-03 1.31022e-02 1.00385e-02 4.60969e-03 4.30285e-03 2.92752e-03 3.31000e-03         NaN 4.62322e-03 5.43939e-03 6.82783e-03 6.07185e-03 8.73663e-03 8.00638e-03 4.54081e-03 8.62286e-03 
1.11074e-02 1.20133e-02 1.41363e-02 7.42088e-03 7.31324e-03 1.82856e-02 2.24753e-02 1.92992e-02 3.16828e-02 4.05325e-02 4.37302e-02 3.12798e-02 4.38375e-02 5.18489e-02 3.88886e-02 5.10013e-02 5.31148e-02 2.50894e-02 8.02653e-02 7.23313e-02 1.17615e-01 1.72057e-01 1.00000e+00 1.83509e-01 1.04679e-01 8.09973e-02 5.95136e-02 4.99128e-02 3.64596e-02 3.26096e-02 2.45067e-02 2.80235e-02 2.50153e-02 1.43224e-02 1.28557e-02 8.58295e-03 8.01454e-03 7.93322e-03 1.07446e-02 1.53090e-02 2.48782e-02 4.41220e-04 2.01213e-02 4.97275e-03 2.35344e-02 1.94244e-02 8.03353e-03 7.38948e-03 5.94490e-03 7.85619e-03 7.52880e-03 1.03943e-02 1.05099e-02 8.07725e-03 4.37696e-03 1.73539e-02 1.23104e-02 1.19638e-02 4.71810e-03 1.36888e-02 1.43089e-02 2.30583e-02 1.73464e-02 1.39609e-02 5.72987e-03 1.08300e-02 5.78618e-03 1.39882e-02 1.16345e-02 5.86070e-03 5.75463e-03 1.50826e-02 6.30279e-03 1.23256e-02 9.04260e-03 7.46718e-03 1.31284e-02 1.25622e-02 2.67034e-02 1.78983e-02 1.51838e-02 1.04743e-02 9.94946e-03 5.25060e-03 1.16107e-02 1.74281e-02 1.20957e-02 1.15522e-02 1.92963e-03 8.14157e-03 9.05231e-03 4.16374e-03 1.34802e-02 5.66409e-03 1.42988e-03 6.47640e-03 5.10491e-03 4.62023e-03 5.32630e-03 6.27131e-03 1.27389e-03 4.13755e-03 1.73805e-02 6.85618e-03 1.24054e-03 2.62103e-02 5.13562e-03 8.88817e-03 1.31919e-02 3.36915e-03 6.49539e-03 1.03973e-02 1.49999e-02 2.39690e-03 8.99235e-03 1.37254e-03 1.42383e-02 9.71044e-03 8.35030e-03 3.63801e-03 1.26640e-02 2.18928e-03 3.39794e-03         NaN 1.63580e-03 1.57389e-03 6.19585e-03 1.01398e-02 
2.02298e-02 1.14235e-02 3.05081e-03 1.40929e-02 1.28532e-02 9.23783e-03 1.97214e-02 1.02655e-02 3.05142e-02 5.05873e-02 4.59462e-02 3.52856e-02 2.44079e-02 4.85101e-02 3.50401e-02 5.57561e-02 5.02851e-02 4.66871e-02 3.13186e-02 6.13438e-02 8.44199e-02 6.76165e-02 1.83509e-01 1.00000e+00 2.05365e-01 9.08240e-02 7.60665e-02 3.74230e-02 2.83793e-02 3.06192e-02 2.41373e-02 1.56225e-02 1.70544e-02 2.34192e-02 9.75473e-03 2.84500e-02 1.60075e-02 1.85658e-02         NaN 6.19523e-03 4.67064e-03 2.72505e-03 1.27145e-02 1.03335e-02 7.84733e-03         NaN 1.20119e-02 1.10344e-02 6.92878e-03 9.17617e-03 6.00293e-03 5.86023e-03 6.61820e-03 9.12360e-03 1.07942e-02 1.20454e-02 1.88633e-02 7.84629e-03 1.37951e-02 9.87249e-03 4.75571e-03 1.80377e-02 1.24568e-02 1.53172e-02 1.86379e-02 2.22815e-02 7.28175e-03 1.08446e-02 1.13690e-02 1.50870e-02 1.20461e-02 1.16057e-02 5.76393e-03 1.69250e-02 8.80852e-03 1.20009e-02 5.49183e-03 8.63909e-03 7.64334e-03 1.15978e-02 9.30025e-03 5.85375e-03 1.51071e-02 6.76327e-03 1.10142e-03 4.47114e-03 1.11467e-02 1.11314e-02 4.17119e-03 1.16590e-02 3.15296e-03 9.20491e-03 3.58600e-03 1.57106e-02 1.19452e-02 1.01622e-02 6.66801e-03 8.99667e-03 7.73123e-03 2.61445e-03 1.33323e-02 1.47383e-02 1.13836e-02 1.01628e-02 1.01327e-02 8.17415e-03 5.25537e-03 8.05521e-03 1.91734e-02 3.45308e-03 1.94074e-02 6.20064e-03 1.61758e-02 5.50460e-03 5.62324e-03 1.19761e-02 2.04070e-02 1.03289e-02 6.33343e-03 6.52780e-03 4.42139e-03 8.02464e-03 8.07399e-03 7.52731e-03 3.69390e-03 7.65942e-03 3.89027e-03 2.54669e-03 
1.57643e-02 1.43699e-02 1.43009e-02 2.90789e-02 1.13816e-02 2.04533e-02 2.29230e-02 2.55790e-02 3.54414e-02 4.73962e-02 1.84605e-02 4.44665e-02 3.93929e-02 2.93121e-02 4.49289e-02 2.26932e-02 3.52003e-02 3.18399e-02 5.44261e-02 4.30768e-02 5.95905e-02 6.67920e-02 1.04679e-01 2.05365e-01 1.00000e+00 1.81540e-01 1.10179e-01 6.36732e-02 4.89449e-02 2.66347e-02 3.98478e-02 1.94375e-02 1.26221e-02 8.84114e-03 2.47489e-02 1.55134e-02 1.59535e-02 1.54309e-02 1.21609e-02 1.50597e-02 9.69587e-03 1.79707e-02 5.74656e-03 9.00547e-03 3.87512e-03 7.45278e-03 4.59861e-03 6.60895e-03 8.39252e-03 1.85721e-02 1.23996e-02 5.36163e-03 7.35649e-03 6.71253e-03 1.11895e-02 7.79924e-03 5.42766e-03 1.59618e-02 6.20152e-03 2.01918e-02 9.60066e-03 1.42890e-02 1.80934e-02 4.04455e-02 1.54374e-02 1.37004e-02 7.48387e-03 8.86814e-03 1.08123e-02 7.39581e-03 3.97355e-03 1.77800e-02 6.90856e-03 1.51384e-02 1.75360e-02 6.28731e-03 2.13980e-02 1.05322e-02 7.31413e-03 1.43848e-02 1.68960e-02 1.64034e-02 2.51689e-03 2.37967e-03 6.98259e-03 1.71377e-03 4.42114e-03 5.27874e-03 2.08609e-02 1.10051e-02 4.96607e-03 1.03249e-02 3.09552e-03         NaN 3.16195e-03 4.90105e-03 1.17325e-02 1.14531e-02 7.18513e-03 6.14932e-03 7.60187e-03         NaN 9.67749e-03 5.36690e-03 1.14360e-02 1.36201e-02 5.32385e-03 3.53649e-03 3.05341e-03 1.65994e-02 1.42389e-02 8.63043e-03 1.20711e-02 1.51525e-03 1.15872e-02 1.27146e-02 9.07605e-03 1.59448e-03 4.61913e-03 1.65588e-02 5.06568e-03 2.25839e-03 5.29304e-03         NaN 1.05745e-03 8.81632e-03 4.39391e-03 1.29799e-03 
